Table 1: Demographic and Clinical Characteristics - nsaid
	Total	non-current NSAID use	current NSAID use

1	  2463707 (100.0)	  1927284 (100.0)	  536,423 (100.0)

Grouped age
1	  714,371 (29.0)	  598,513 (31.1)	  115,858 (21.6)
2	  500,277 (20.3)	  397,201 (20.6)	  103,076 (19.2)
3	  557,003 (22.6)	  423,937 (22.0)	  133,066 (24.8)
4	  389,844 (15.8)	  283,639 (14.7)	  106,205 (19.8)
5	  231,502 (9.4)	  169,281 (8.8)	   62,221 (11.6)
6	   70,710 (2.9)	   54,713 (2.8)	   15,997 (3.0)

Male
0	  1410922 (57.3)	  1093581 (56.7)	  317,341 (59.2)
1	  1052785 (42.7)	  833,703 (43.3)	  219,082 (40.8)

Grouped BMI
1	   32,476 (1.3)	   26,435 (1.4)	    6,041 (1.1)
2	  599,519 (24.3)	  484,862 (25.2)	  114,657 (21.4)
3	  736,660 (29.9)	  577,087 (29.9)	  159,573 (29.7)
4	  439,568 (17.8)	  333,254 (17.3)	  106,314 (19.8)
5	  188,465 (7.6)	  138,059 (7.2)	   50,406 (9.4)
6	  101,941 (4.1)	   71,503 (3.7)	   30,438 (5.7)
.	  365,078 (14.8)	  296,084 (15.4)	   68,994 (12.9)

Smoking status
1	  1061549 (43.1)	  841,256 (43.6)	  220,293 (41.1)
2	  872,422 (35.4)	  665,068 (34.5)	  207,354 (38.7)
3	  492,598 (20.0)	  389,340 (20.2)	  103,258 (19.2)
.	   37,138 (1.5)	   31,620 (1.6)	    5,518 (1.0)

Smoking status (missing set to non)
1	  1098687 (44.6)	  872,876 (45.3)	  225,811 (42.1)
2	  872,422 (35.4)	  665,068 (34.5)	  207,354 (38.7)
3	  492,598 (20.0)	  389,340 (20.2)	  103,258 (19.2)
.	        0 (0.0)	        0 (0.0)	        0 (0.0)

Ethnicity
1	  1594505 (64.7)	  1236854 (64.2)	  357,651 (66.7)
2	   25,252 (1.0)	   20,556 (1.1)	    4,696 (0.9)
3	  184,543 (7.5)	  151,533 (7.9)	   33,010 (6.2)
4	   60,145 (2.4)	   49,618 (2.6)	   10,527 (2.0)
5	   37,139 (1.5)	   30,214 (1.6)	    6,925 (1.3)
.	  562,123 (22.8)	  438,509 (22.8)	  123,614 (23.0)

Index of Multiple Deprivation (IMD)
1	  495,910 (20.1)	  388,369 (20.2)	  107,541 (20.0)
2	  496,425 (20.1)	  387,428 (20.1)	  108,997 (20.3)
3	  489,983 (19.9)	  382,357 (19.8)	  107,626 (20.1)
4	  491,196 (19.9)	  384,598 (20.0)	  106,598 (19.9)
5	  490,193 (19.9)	  384,532 (20.0)	  105,661 (19.7)
.	        0 (0.0)	        0 (0.0)	        0 (0.0)

Diabetes Severity
1	  2226311 (90.4)	  1749827 (90.8)	  476,484 (88.8)
2	  164,785 (6.7)	  122,653 (6.4)	   42,132 (7.9)
3	   66,772 (2.7)	   50,268 (2.6)	   16,504 (3.1)
4	    5,839 (0.2)	    4,536 (0.2)	    1,303 (0.2)
.	        0 (0.0)	        0 (0.0)	        0 (0.0)

Diabetes Severity: group no Hb1AC with uncontrolled DM
1	  2226311 (90.4)	  1749827 (90.8)	  476,484 (88.8)
2	  164,785 (6.7)	  122,653 (6.4)	   42,132 (7.9)
3	   72,611 (2.9)	   54,804 (2.8)	   17,807 (3.3)
.	        0 (0.0)	        0 (0.0)	        0 (0.0)

Rheumatoid arthritis/osteoarthritis/both
0	  1902680 (77.2)	  1541752 (80.0)	  360,928 (67.3)
1	   30,397 (1.2)	   17,578 (0.9)	   12,819 (2.4)
2	  510,811 (20.7)	  356,842 (18.5)	  153,969 (28.7)
3	   19,819 (0.8)	   11,112 (0.6)	    8,707 (1.6)
.	        0 (0.0)	        0 (0.0)	        0 (0.0)

Diagnosed hypertension
0	  1981826 (80.4)	  1573481 (81.6)	  408,345 (76.1)
1	  481,881 (19.6)	  353,803 (18.4)	  128,078 (23.9)
.	        0 (0.0)	        0 (0.0)	        0 (0.0)

Heart Failure
0	  2451762 (99.5)	  1917772 (99.5)	  533,990 (99.5)
1	   11,945 (0.5)	    9,512 (0.5)	    2,433 (0.5)
.	        0 (0.0)	        0 (0.0)	        0 (0.0)

Other Heart Diseases
0	  2427100 (98.5)	  1899403 (98.6)	  527,697 (98.4)
1	   36,607 (1.5)	   27,881 (1.4)	    8,726 (1.6)
.	        0 (0.0)	        0 (0.0)	        0 (0.0)

Diabetes
0	  2226311 (90.4)	  1749827 (90.8)	  476,484 (88.8)
1	  237,396 (9.6)	  177,457 (9.2)	   59,939 (11.2)
.	        0 (0.0)	        0 (0.0)	        0 (0.0)

COPD
0	  2405636 (97.6)	  1884648 (97.8)	  520,988 (97.1)
1	   58,071 (2.4)	   42,636 (2.2)	   15,435 (2.9)
.	        0 (0.0)	        0 (0.0)	        0 (0.0)

Other Respiratory Diseases
0	  2440243 (99.0)	  1910014 (99.1)	  530,229 (98.8)
1	   23,464 (1.0)	   17,270 (0.9)	    6,194 (1.2)
.	        0 (0.0)	        0 (0.0)	        0 (0.0)

Cancer
0	  2336264 (94.8)	  1831969 (95.1)	  504,295 (94.0)
1	  127,443 (5.2)	   95,315 (4.9)	   32,128 (6.0)
.	        0 (0.0)	        0 (0.0)	        0 (0.0)

Immunosuppressed (combination algorithm)
0	  2451504 (99.5)	  1917999 (99.5)	  533,505 (99.5)
1	   12,203 (0.5)	    9,285 (0.5)	    2,918 (0.5)
.	        0 (0.0)	        0 (0.0)	        0 (0.0)

Chronic kidney disease
0	  2394495 (97.2)	  1875642 (97.3)	  518,853 (96.7)
1	   69,212 (2.8)	   51,642 (2.7)	   17,570 (3.3)
.	        0 (0.0)	        0 (0.0)	        0 (0.0)

Osteoarthritis
0	  1933077 (78.5)	  1559330 (80.9)	  373,747 (69.7)
1	  530,630 (21.5)	  367,954 (19.1)	  162,676 (30.3)
.	        0 (0.0)	        0 (0.0)	        0 (0.0)

Rheumatoid arthritis
0	  2413491 (98.0)	  1898594 (98.5)	  514,897 (96.0)
1	   50,216 (2.0)	   28,690 (1.5)	   21,526 (4.0)
.	        0 (0.0)	        0 (0.0)	        0 (0.0)

Flu vaccine
0	  1866242 (75.7)	  1491901 (77.4)	  374,341 (69.8)
1	  597,465 (24.3)	  435,383 (22.6)	  162,082 (30.2)
.	        0 (0.0)	        0 (0.0)	        0 (0.0)

Pneumococcal Vaccine
0	  2302341 (93.5)	  1810820 (94.0)	  491,521 (91.6)
1	  161,366 (6.5)	  116,464 (6.0)	   44,902 (8.4)
.	        0 (0.0)	        0 (0.0)	        0 (0.0)

Recent Statin
0	  2153317 (87.4)	  1704063 (88.4)	  449,254 (83.7)
1	  310,390 (12.6)	  223,221 (11.6)	   87,169 (16.3)
.	        0 (0.0)	        0 (0.0)	        0 (0.0)

Recent PPIs
0	  1852507 (75.2)	  1658350 (86.0)	  194,157 (36.2)
1	  611,200 (24.8)	  268,934 (14.0)	  342,266 (63.8)
.	        0 (0.0)	        0 (0.0)	        0 (0.0)

Recent oral prednisolone
0	  2408542 (97.8)	  1888203 (98.0)	  520,339 (97.0)
1	   55,165 (2.2)	   39,081 (2.0)	   16,084 (3.0)
.	        0 (0.0)	        0 (0.0)	        0 (0.0)

Recent hydroxychloroquine
0	  2448953 (99.4)	  1919210 (99.6)	  529,743 (98.8)
1	   14,754 (0.6)	    8,074 (0.4)	    6,680 (1.2)
.	        0 (0.0)	        0 (0.0)	        0 (0.0)

Recent Other DMARDs use
0	  2426080 (98.5)	  1906514 (98.9)	  519,566 (96.9)
1	   37,627 (1.5)	   20,770 (1.1)	   16,857 (3.1)
.	        0 (0.0)	        0 (0.0)	        0 (0.0)

GP consultation in last year (binary)
0	  231,601 (9.4)	  216,450 (11.2)	   15,151 (2.8)
1	  2232106 (90.6)	  1710834 (88.8)	  521,272 (97.2)
.	        0 (0.0)	        0 (0.0)	        0 (0.0)

A&E attendance rate in last year (binary)
0	  1954833 (79.3)	  1539679 (79.9)	  415,154 (77.4)
1	  508,874 (20.7)	  387,605 (20.1)	  121,269 (22.6)
.	        0 (0.0)	        0 (0.0)	        0 (0.0)



GP consultation count
Median (IQR)	6 (2-11)	5 (2-10)	7 (4-13)
Min, Max	0, 626	0, 626	0, 576
Age (years)
Median (IQR)	50 (37-61)	49 (36-60)	53 (42-64)
Min, Max	18, 110	18, 110	18, 103
A&E attendance count
Median (IQR)	0 (0-0)	0 (0-0)	0 (0-0)
Min, Max	0, 152	0, 118	0, 152
Number of days (follow-up) for ONS covid death
Median (IQR)	105 (105-105)	105 (105-105)	105 (105-105)
Min, Max	1, 105	1, 105	1, 105
