Table 12: Demographic and Clinical Characteristics - nsaid
	Total	no current use of NSAIDs	Cox-2 specific NSAIDs	Other specific NSAIDs

1	  2463707 (100.0)	  1927284 (100.0)	   24,808 (100.0)

Grouped age
1	  714,371 (29.0)	  598,513 (31.1)	    3,210 (12.9)
2	  500,277 (20.3)	  397,201 (20.6)	    4,255 (17.2)
3	  557,003 (22.6)	  423,937 (22.0)	    6,612 (26.7)
4	  389,844 (15.8)	  283,639 (14.7)	    5,748 (23.2)
5	  231,502 (9.4)	  169,281 (8.8)	    3,841 (15.5)
6	   70,710 (2.9)	   54,713 (2.8)	    1,142 (4.6)

Male
0	  1410922 (57.3)	  1093581 (56.7)	   15,475 (62.4)
1	  1052785 (42.7)	  833,703 (43.3)	    9,333 (37.6)

Grouped BMI
1	   32,476 (1.3)	   26,435 (1.4)	      274 (1.1)
2	  599,519 (24.3)	  484,862 (25.2)	    5,350 (21.6)
3	  736,660 (29.9)	  577,087 (29.9)	    7,615 (30.7)
4	  439,568 (17.8)	  333,254 (17.3)	    5,045 (20.3)
5	  188,465 (7.6)	  138,059 (7.2)	    2,536 (10.2)
6	  101,941 (4.1)	   71,503 (3.7)	    1,438 (5.8)
.	  365,078 (14.8)	  296,084 (15.4)	    2,550 (10.3)

Smoking status
1	  1061549 (43.1)	  841,256 (43.6)	    9,803 (39.5)
2	  872,422 (35.4)	  665,068 (34.5)	   10,680 (43.1)
3	  492,598 (20.0)	  389,340 (20.2)	    4,225 (17.0)
.	   37,138 (1.5)	   31,620 (1.6)	      100 (0.4)

Smoking status (missing set to non)
1	  1098687 (44.6)	  872,876 (45.3)	    9,903 (39.9)
2	  872,422 (35.4)	  665,068 (34.5)	   10,680 (43.1)
3	  492,598 (20.0)	  389,340 (20.2)	    4,225 (17.0)
.	        0 (0.0)	        0 (0.0)	        0 (0.0)

Ethnicity
1	  1594505 (64.7)	  1236854 (64.2)	   17,283 (69.7)
2	   25,252 (1.0)	   20,556 (1.1)	      130 (0.5)
3	  184,543 (7.5)	  151,533 (7.9)	      988 (4.0)
4	   60,145 (2.4)	   49,618 (2.6)	      208 (0.8)
5	   37,139 (1.5)	   30,214 (1.6)	      230 (0.9)
.	  562,123 (22.8)	  438,509 (22.8)	    5,969 (24.1)

Index of Multiple Deprivation (IMD)
1	  495,910 (20.1)	  388,369 (20.2)	    5,536 (22.3)
2	  496,425 (20.1)	  387,428 (20.1)	    5,636 (22.7)
3	  489,983 (19.9)	  382,357 (19.8)	    5,221 (21.0)
4	  491,196 (19.9)	  384,598 (20.0)	    4,528 (18.3)
5	  490,193 (19.9)	  384,532 (20.0)	    3,887 (15.7)
.	        0 (0.0)	        0 (0.0)	        0 (0.0)

Diabetes Severity
1	  2226311 (90.4)	  1749827 (90.8)	   21,772 (87.8)
2	  164,785 (6.7)	  122,653 (6.4)	    2,185 (8.8)
3	   66,772 (2.7)	   50,268 (2.6)	      779 (3.1)
4	    5,839 (0.2)	    4,536 (0.2)	       72 (0.3)
.	        0 (0.0)	        0 (0.0)	        0 (0.0)

Diabetes Severity: group no Hb1AC with uncontrolled DM
1	  2226311 (90.4)	  1749827 (90.8)	   21,772 (87.8)
2	  164,785 (6.7)	  122,653 (6.4)	    2,185 (8.8)
3	   72,611 (2.9)	   54,804 (2.8)	      851 (3.4)
.	        0 (0.0)	        0 (0.0)	        0 (0.0)

Rheumatoid arthritis/osteoarthritis/both
0	  1902680 (77.2)	  1541752 (80.0)	   12,249 (49.4)
1	   30,397 (1.2)	   17,578 (0.9)	    1,822 (7.3)
2	  510,811 (20.7)	  356,842 (18.5)	    9,354 (37.7)
3	   19,819 (0.8)	   11,112 (0.6)	    1,383 (5.6)
.	        0 (0.0)	        0 (0.0)	        0 (0.0)

Diagnosed hypertension
0	  1981826 (80.4)	  1573481 (81.6)	   17,278 (69.6)
1	  481,881 (19.6)	  353,803 (18.4)	    7,530 (30.4)
.	        0 (0.0)	        0 (0.0)	        0 (0.0)

Heart Failure
0	  2451762 (99.5)	  1917772 (99.5)	   24,634 (99.3)
1	   11,945 (0.5)	    9,512 (0.5)	      174 (0.7)
.	        0 (0.0)	        0 (0.0)	        0 (0.0)

Other Heart Diseases
0	  2427100 (98.5)	  1899403 (98.6)	   24,306 (98.0)
1	   36,607 (1.5)	   27,881 (1.4)	      502 (2.0)
.	        0 (0.0)	        0 (0.0)	        0 (0.0)

Diabetes
0	  2226311 (90.4)	  1749827 (90.8)	   21,772 (87.8)
1	  237,396 (9.6)	  177,457 (9.2)	    3,036 (12.2)
.	        0 (0.0)	        0 (0.0)	        0 (0.0)

COPD
0	  2405636 (97.6)	  1884648 (97.8)	   23,825 (96.0)
1	   58,071 (2.4)	   42,636 (2.2)	      983 (4.0)
.	        0 (0.0)	        0 (0.0)	        0 (0.0)

Other Respiratory Diseases
0	  2440243 (99.0)	  1910014 (99.1)	   24,347 (98.1)
1	   23,464 (1.0)	   17,270 (0.9)	      461 (1.9)
.	        0 (0.0)	        0 (0.0)	        0 (0.0)

Cancer
0	  2336264 (94.8)	  1831969 (95.1)	   22,971 (92.6)
1	  127,443 (5.2)	   95,315 (4.9)	    1,837 (7.4)
.	        0 (0.0)	        0 (0.0)	        0 (0.0)

Immunosuppressed (combination algorithm)
0	  2451504 (99.5)	  1917999 (99.5)	   24,622 (99.3)
1	   12,203 (0.5)	    9,285 (0.5)	      186 (0.7)
.	        0 (0.0)	        0 (0.0)	        0 (0.0)

Chronic kidney disease
0	  2394495 (97.2)	  1875642 (97.3)	   23,331 (94.0)
1	   69,212 (2.8)	   51,642 (2.7)	    1,477 (6.0)
.	        0 (0.0)	        0 (0.0)	        0 (0.0)

Osteoarthritis
0	  1933077 (78.5)	  1559330 (80.9)	   14,071 (56.7)
1	  530,630 (21.5)	  367,954 (19.1)	   10,737 (43.3)
.	        0 (0.0)	        0 (0.0)	        0 (0.0)

Rheumatoid arthritis
0	  2413491 (98.0)	  1898594 (98.5)	   21,603 (87.1)
1	   50,216 (2.0)	   28,690 (1.5)	    3,205 (12.9)
.	        0 (0.0)	        0 (0.0)	        0 (0.0)

Flu vaccine
0	  1866242 (75.7)	  1491901 (77.4)	   14,295 (57.6)
1	  597,465 (24.3)	  435,383 (22.6)	   10,513 (42.4)
.	        0 (0.0)	        0 (0.0)	        0 (0.0)

Pneumococcal Vaccine
0	  2302341 (93.5)	  1810820 (94.0)	   21,496 (86.6)
1	  161,366 (6.5)	  116,464 (6.0)	    3,312 (13.4)
.	        0 (0.0)	        0 (0.0)	        0 (0.0)

Recent Statin
0	  2153317 (87.4)	  1704063 (88.4)	   19,874 (80.1)
1	  310,390 (12.6)	  223,221 (11.6)	    4,934 (19.9)
.	        0 (0.0)	        0 (0.0)	        0 (0.0)

Recent PPIs
0	  1852507 (75.2)	  1658350 (86.0)	    8,392 (33.8)
1	  611,200 (24.8)	  268,934 (14.0)	   16,416 (66.2)
.	        0 (0.0)	        0 (0.0)	        0 (0.0)

Recent oral prednisolone
0	  2408542 (97.8)	  1888203 (98.0)	   23,314 (94.0)
1	   55,165 (2.2)	   39,081 (2.0)	    1,494 (6.0)
.	        0 (0.0)	        0 (0.0)	        0 (0.0)

Recent hydroxychloroquine
0	  2448953 (99.4)	  1919210 (99.6)	   23,768 (95.8)
1	   14,754 (0.6)	    8,074 (0.4)	    1,040 (4.2)
.	        0 (0.0)	        0 (0.0)	        0 (0.0)

Recent Other DMARDs use
0	  2426080 (98.5)	  1906514 (98.9)	   21,952 (88.5)
1	   37,627 (1.5)	   20,770 (1.1)	    2,856 (11.5)
.	        0 (0.0)	        0 (0.0)	        0 (0.0)

GP consultation in last year (binary)
0	  231,601 (9.4)	  216,450 (11.2)	      873 (3.5)
1	  2232106 (90.6)	  1710834 (88.8)	   23,935 (96.5)
.	        0 (0.0)	        0 (0.0)	        0 (0.0)

A&E attendance rate in last year (binary)
0	  1954833 (79.3)	  1539679 (79.9)	   19,537 (78.8)
1	  508,874 (20.7)	  387,605 (20.1)	    5,271 (21.2)
.	        0 (0.0)	        0 (0.0)	        0 (0.0)



GP consultation count
Median (IQR)	6 (2-11)	5 (2-10)	9 (5-15)	7 (4-13)
Min, Max	0, 626	0, 626	0, 565	0, 576
Age (years)
Median (IQR)	50 (37-61)	49 (36-60)	57 (47-67)	53 (41-64)
Min, Max	18, 110	18, 110	18, 100	18, 103
A&E attendance count
Median (IQR)	0 (0-0)	0 (0-0)	0 (0-0)	0 (0-0)
Min, Max	0, 152	0, 118	0, 49	0, 152
Number of days (follow-up) for ONS covid death
Median (IQR)	105 (105-105)	105 (105-105)	105 (105-105)	105 (105-105)
Min, Max	1, 105	1, 105	4, 105	1, 105
