Table 1: Demographic and Clinical Characteristics - Rheumatoid_arthritis_&_osteoarthritis
	Total	non-current NSAID use	current NSAID use

1	  1709502 (100.0)	  1535421 (100.0)	  174,081 (100.0)

Grouped age
1	   37,304 (2.2)	   32,939 (2.1)	    4,365 (2.5)
2	  113,595 (6.6)	   97,892 (6.4)	   15,703 (9.0)
3	  337,651 (19.8)	  292,583 (19.1)	   45,068 (25.9)
4	  473,591 (27.7)	  417,085 (27.2)	   56,506 (32.5)
5	  478,068 (28.0)	  437,103 (28.5)	   40,965 (23.5)
6	  269,293 (15.8)	  257,819 (16.8)	   11,474 (6.6)

Male
0	  1062939 (62.2)	  952,830 (62.1)	  110,109 (63.3)
1	  646,563 (37.8)	  582,591 (37.9)	   63,972 (36.7)

Grouped BMI
1	   20,164 (1.2)	   18,953 (1.2)	    1,211 (0.7)
2	  408,761 (23.9)	  377,596 (24.6)	   31,165 (17.9)
3	  574,932 (33.6)	  520,008 (33.9)	   54,924 (31.6)
4	  339,471 (19.9)	  299,254 (19.5)	   40,217 (23.1)
5	  139,648 (8.2)	  119,714 (7.8)	   19,934 (11.5)
6	   70,864 (4.1)	   58,615 (3.8)	   12,249 (7.0)
.	  155,662 (9.1)	  141,281 (9.2)	   14,381 (8.3)

Smoking status
1	  742,204 (43.4)	  672,558 (43.8)	   69,646 (40.0)
2	  774,781 (45.3)	  694,377 (45.2)	   80,404 (46.2)
3	  188,490 (11.0)	  164,760 (10.7)	   23,730 (13.6)
.	    4,027 (0.2)	    3,726 (0.2)	      301 (0.2)

Smoking status (missing set to non)
1	  746,231 (43.7)	  676,284 (44.0)	   69,947 (40.2)
2	  774,781 (45.3)	  694,377 (45.2)	   80,404 (46.2)
3	  188,490 (11.0)	  164,760 (10.7)	   23,730 (13.6)
.	        0 (0.0)	        0 (0.0)	        0 (0.0)

Ethnicity
1	  1211725 (70.9)	  1088418 (70.9)	  123,307 (70.8)
2	    7,349 (0.4)	    6,536 (0.4)	      813 (0.5)
3	   58,797 (3.4)	   51,832 (3.4)	    6,965 (4.0)
4	   19,706 (1.2)	   17,623 (1.1)	    2,083 (1.2)
5	   12,095 (0.7)	   10,867 (0.7)	    1,228 (0.7)
.	  399,830 (23.4)	  360,145 (23.5)	   39,685 (22.8)

Index of Multiple Deprivation (IMD)
1	  343,251 (20.1)	  312,861 (20.4)	   30,390 (17.5)
2	  341,115 (20.0)	  308,559 (20.1)	   32,556 (18.7)
3	  341,762 (20.0)	  307,577 (20.0)	   34,185 (19.6)
4	  346,124 (20.2)	  309,012 (20.1)	   37,112 (21.3)
5	  337,250 (19.7)	  297,412 (19.4)	   39,838 (22.9)
.	        0 (0.0)	        0 (0.0)	        0 (0.0)

Diabetes Severity
1	  1444195 (84.5)	  1296012 (84.4)	  148,183 (85.1)
2	  196,440 (11.5)	  177,181 (11.5)	   19,259 (11.1)
3	   64,778 (3.8)	   58,553 (3.8)	    6,225 (3.6)
4	    4,089 (0.2)	    3,675 (0.2)	      414 (0.2)
.	        0 (0.0)	        0 (0.0)	        0 (0.0)

Diabetes Severity: group no Hb1AC with uncontrolled DM
1	  1444195 (84.5)	  1296012 (84.4)	  148,183 (85.1)
2	  196,440 (11.5)	  177,181 (11.5)	   19,259 (11.1)
3	   68,867 (4.0)	   62,228 (4.1)	    6,639 (3.8)
.	        0 (0.0)	        0 (0.0)	        0 (0.0)

Rheumatoid arthritis/osteoarthritis/both
.	        0 (0.0)	        0 (0.0)	        0 (0.0)
1	   71,815 (4.2)	   59,207 (3.9)	   12,608 (7.2)
2	  1593422 (93.2)	  1440570 (93.8)	  152,852 (87.8)
3	   44,265 (2.6)	   35,644 (2.3)	    8,621 (5.0)
.	        0 (0.0)	        0 (0.0)	        0 (0.0)

Diagnosed hypertension
0	  1017189 (59.5)	  908,558 (59.2)	  108,631 (62.4)
1	  692,313 (40.5)	  626,863 (40.8)	   65,450 (37.6)
.	        0 (0.0)	        0 (0.0)	        0 (0.0)

Heart Failure
0	  1671206 (97.8)	  1498506 (97.6)	  172,700 (99.2)
1	   38,296 (2.2)	   36,915 (2.4)	    1,381 (0.8)
.	        0 (0.0)	        0 (0.0)	        0 (0.0)

Other Heart Diseases
0	  1647171 (96.4)	  1477251 (96.2)	  169,920 (97.6)
1	   62,331 (3.6)	   58,170 (3.8)	    4,161 (2.4)
.	        0 (0.0)	        0 (0.0)	        0 (0.0)

Diabetes
0	  1444195 (84.5)	  1296012 (84.4)	  148,183 (85.1)
1	  265,307 (15.5)	  239,409 (15.6)	   25,898 (14.9)
.	        0 (0.0)	        0 (0.0)	        0 (0.0)

COPD
0	  1614991 (94.5)	  1449228 (94.4)	  165,763 (95.2)
1	   94,511 (5.5)	   86,193 (5.6)	    8,318 (4.8)
.	        0 (0.0)	        0 (0.0)	        0 (0.0)

Other Respiratory Diseases
0	  1667748 (97.6)	  1497061 (97.5)	  170,687 (98.1)
1	   41,754 (2.4)	   38,360 (2.5)	    3,394 (1.9)
.	        0 (0.0)	        0 (0.0)	        0 (0.0)

Cancer
0	  1518809 (88.8)	  1360582 (88.6)	  158,227 (90.9)
1	  190,693 (11.2)	  174,839 (11.4)	   15,854 (9.1)
.	        0 (0.0)	        0 (0.0)	        0 (0.0)

Immunosuppressed (combination algorithm)
0	  1700023 (99.4)	  1526925 (99.4)	  173,098 (99.4)
1	    9,479 (0.6)	    8,496 (0.6)	      983 (0.6)
.	        0 (0.0)	        0 (0.0)	        0 (0.0)

Chronic kidney disease
0	  1533216 (89.7)	  1370151 (89.2)	  163,065 (93.7)
1	  176,286 (10.3)	  165,270 (10.8)	   11,016 (6.3)
.	        0 (0.0)	        0 (0.0)	        0 (0.0)

Osteoarthritis
0	   71,815 (4.2)	   59,207 (3.9)	   12,608 (7.2)
1	  1637687 (95.8)	  1476214 (96.1)	  161,473 (92.8)
.	        0 (0.0)	        0 (0.0)	        0 (0.0)

Rheumatoid arthritis
0	  1593422 (93.2)	  1440570 (93.8)	  152,852 (87.8)
1	  116,080 (6.8)	   94,851 (6.2)	   21,229 (12.2)
.	        0 (0.0)	        0 (0.0)	        0 (0.0)

Flu vaccine
0	  816,686 (47.8)	  728,389 (47.4)	   88,297 (50.7)
1	  892,816 (52.2)	  807,032 (52.6)	   85,784 (49.3)
.	        0 (0.0)	        0 (0.0)	        0 (0.0)

Pneumococcal Vaccine
0	  1491895 (87.3)	  1342306 (87.4)	  149,589 (85.9)
1	  217,607 (12.7)	  193,115 (12.6)	   24,492 (14.1)
.	        0 (0.0)	        0 (0.0)	        0 (0.0)

Recent Statin
0	  1246012 (72.9)	  1118603 (72.9)	  127,409 (73.2)
1	  463,490 (27.1)	  416,818 (27.1)	   46,672 (26.8)
.	        0 (0.0)	        0 (0.0)	        0 (0.0)

Recent PPIs
0	  1200969 (70.3)	  1163241 (75.8)	   37,728 (21.7)
1	  508,533 (29.7)	  372,180 (24.2)	  136,353 (78.3)
.	        0 (0.0)	        0 (0.0)	        0 (0.0)

Recent oral prednisolone
0	  1640044 (95.9)	  1474116 (96.0)	  165,928 (95.3)
1	   69,458 (4.1)	   61,305 (4.0)	    8,153 (4.7)
.	        0 (0.0)	        0 (0.0)	        0 (0.0)

Recent hydroxychloroquine
0	  1687617 (98.7)	  1518606 (98.9)	  169,011 (97.1)
1	   21,885 (1.3)	   16,815 (1.1)	    5,070 (2.9)
.	        0 (0.0)	        0 (0.0)	        0 (0.0)

Recent Other DMARDs use
0	  1648171 (96.4)	  1486669 (96.8)	  161,502 (92.8)
1	   61,331 (3.6)	   48,752 (3.2)	   12,579 (7.2)
.	        0 (0.0)	        0 (0.0)	        0 (0.0)

GP consultation in last year (binary)
0	  121,560 (7.1)	  118,191 (7.7)	    3,369 (1.9)
1	  1587942 (92.9)	  1417230 (92.3)	  170,712 (98.1)
.	        0 (0.0)	        0 (0.0)	        0 (0.0)

A&E attendance rate in last year (binary)
0	  1419921 (83.1)	  1278522 (83.3)	  141,399 (81.2)
1	  289,581 (16.9)	  256,899 (16.7)	   32,682 (18.8)
.	        0 (0.0)	        0 (0.0)	        0 (0.0)



GP consultation count
Median (IQR)	7 (3-12)	6 (3-11)	8 (5-14)
Min, Max	0, 585	0, 585	0, 360
Age (years)
Median (IQR)	67 (58-75)	68 (58-76)	63 (55-71)
Min, Max	18, 110	18, 110	18, 103
A&E attendance count
Median (IQR)	0 (0-0)	0 (0-0)	0 (0-0)
Min, Max	0, 77	0, 77	0, 59
Number of days (follow-up) for ONS covid death
Median (IQR)	105 (105-105)	105 (105-105)	105 (105-105)
Min, Max	1, 105	1, 105	1, 105
