Table 1: Demographic and Clinical Characteristics - Rheumatoid_arthritis_&_osteoarthritis
	Total	non-current NSAID use	current NSAID use

1	  1711052 (100.0)	  1579917 (100.0)	  131,135 (100.0)

Grouped age
1	   37,340 (2.2)	   34,200 (2.2)	    3,140 (2.4)
2	  113,700 (6.6)	  102,095 (6.5)	   11,605 (8.8)
3	  338,009 (19.8)	  304,073 (19.2)	   33,936 (25.9)
4	  474,119 (27.7)	  431,237 (27.3)	   42,882 (32.7)
5	  478,490 (28.0)	  447,442 (28.3)	   31,048 (23.7)
6	  269,394 (15.7)	  260,870 (16.5)	    8,524 (6.5)

Male
0	  1063481 (62.2)	  980,497 (62.1)	   82,984 (63.3)
1	  647,571 (37.8)	  599,420 (37.9)	   48,151 (36.7)

Grouped BMI
1	   20,172 (1.2)	   19,274 (1.2)	      898 (0.7)
2	  408,981 (23.9)	  386,382 (24.5)	   22,599 (17.2)
3	  575,414 (33.6)	  534,920 (33.9)	   40,494 (30.9)
4	  339,855 (19.9)	  309,219 (19.6)	   30,636 (23.4)
5	  139,871 (8.2)	  124,305 (7.9)	   15,566 (11.9)
6	   70,964 (4.1)	   61,026 (3.9)	    9,938 (7.6)
.	  155,795 (9.1)	  144,791 (9.2)	   11,004 (8.4)

Smoking status
1	  742,807 (43.4)	  691,291 (43.8)	   51,516 (39.3)
2	  775,527 (45.3)	  714,324 (45.2)	   61,203 (46.7)
3	  188,691 (11.0)	  170,497 (10.8)	   18,194 (13.9)
.	    4,027 (0.2)	    3,805 (0.2)	      222 (0.2)

Smoking status (missing set to non)
1	  746,834 (43.6)	  695,096 (44.0)	   51,738 (39.5)
2	  775,527 (45.3)	  714,324 (45.2)	   61,203 (46.7)
3	  188,691 (11.0)	  170,497 (10.8)	   18,194 (13.9)
.	        0 (0.0)	        0 (0.0)	        0 (0.0)

Ethnicity
1	  1212799 (70.9)	  1119508 (70.9)	   93,291 (71.1)
2	    7,358 (0.4)	    6,816 (0.4)	      542 (0.4)
3	   58,839 (3.4)	   54,076 (3.4)	    4,763 (3.6)
4	   19,717 (1.2)	   18,312 (1.2)	    1,405 (1.1)
5	   12,103 (0.7)	   11,269 (0.7)	      834 (0.6)
.	  400,236 (23.4)	  369,936 (23.4)	   30,300 (23.1)

Index of Multiple Deprivation (IMD)
1	  343,548 (20.1)	  321,084 (20.3)	   22,464 (17.1)
2	  341,410 (20.0)	  317,134 (20.1)	   24,276 (18.5)
3	  342,074 (20.0)	  316,423 (20.0)	   25,651 (19.6)
4	  346,439 (20.2)	  318,228 (20.1)	   28,211 (21.5)
5	  337,581 (19.7)	  307,048 (19.4)	   30,533 (23.3)
.	        0 (0.0)	        0 (0.0)	        0 (0.0)

Diabetes Severity
1	  1445458 (84.5)	  1334084 (84.4)	  111,374 (84.9)
2	  196,650 (11.5)	  181,991 (11.5)	   14,659 (11.2)
3	   64,852 (3.8)	   60,052 (3.8)	    4,800 (3.7)
4	    4,092 (0.2)	    3,790 (0.2)	      302 (0.2)
.	        0 (0.0)	        0 (0.0)	        0 (0.0)

Diabetes Severity: group no Hb1AC with uncontrolled DM
1	  1445458 (84.5)	  1334084 (84.4)	  111,374 (84.9)
2	  196,650 (11.5)	  181,991 (11.5)	   14,659 (11.2)
3	   68,944 (4.0)	   63,842 (4.0)	    5,102 (3.9)
.	        0 (0.0)	        0 (0.0)	        0 (0.0)

Rheumatoid arthritis/osteoarthritis/both
.	        0 (0.0)	        0 (0.0)	        0 (0.0)
1	   71,933 (4.2)	   61,938 (3.9)	    9,995 (7.6)
2	  1594767 (93.2)	  1480634 (93.7)	  114,133 (87.0)
3	   44,352 (2.6)	   37,345 (2.4)	    7,007 (5.3)
.	        0 (0.0)	        0 (0.0)	        0 (0.0)

Diagnosed hypertension
0	  1017952 (59.5)	  937,089 (59.3)	   80,863 (61.7)
1	  693,100 (40.5)	  642,828 (40.7)	   50,272 (38.3)
.	        0 (0.0)	        0 (0.0)	        0 (0.0)

Heart Failure
0	  1672725 (97.8)	  1542606 (97.6)	  130,119 (99.2)
1	   38,327 (2.2)	   37,311 (2.4)	    1,016 (0.8)
.	        0 (0.0)	        0 (0.0)	        0 (0.0)

Other Heart Diseases
0	  1648669 (96.4)	  1520682 (96.3)	  127,987 (97.6)
1	   62,383 (3.6)	   59,235 (3.7)	    3,148 (2.4)
.	        0 (0.0)	        0 (0.0)	        0 (0.0)

Diabetes
0	  1445458 (84.5)	  1334084 (84.4)	  111,374 (84.9)
1	  265,594 (15.5)	  245,833 (15.6)	   19,761 (15.1)
.	        0 (0.0)	        0 (0.0)	        0 (0.0)

COPD
0	  1616460 (94.5)	  1491796 (94.4)	  124,664 (95.1)
1	   94,592 (5.5)	   88,121 (5.6)	    6,471 (4.9)
.	        0 (0.0)	        0 (0.0)	        0 (0.0)

Other Respiratory Diseases
0	  1669262 (97.6)	  1540747 (97.5)	  128,515 (98.0)
1	   41,790 (2.4)	   39,170 (2.5)	    2,620 (2.0)
.	        0 (0.0)	        0 (0.0)	        0 (0.0)

Cancer
0	  1520229 (88.8)	  1400884 (88.7)	  119,345 (91.0)
1	  190,823 (11.2)	  179,033 (11.3)	   11,790 (9.0)
.	        0 (0.0)	        0 (0.0)	        0 (0.0)

Immunosuppressed (combination algorithm)
0	  1701562 (99.4)	  1571183 (99.4)	  130,379 (99.4)
1	    9,490 (0.6)	    8,734 (0.6)	      756 (0.6)
.	        0 (0.0)	        0 (0.0)	        0 (0.0)

Chronic kidney disease
0	  1534610 (89.7)	  1411837 (89.4)	  122,773 (93.6)
1	  176,442 (10.3)	  168,080 (10.6)	    8,362 (6.4)
.	        0 (0.0)	        0 (0.0)	        0 (0.0)

Osteoarthritis
0	   71,933 (4.2)	   61,938 (3.9)	    9,995 (7.6)
1	  1639119 (95.8)	  1517979 (96.1)	  121,140 (92.4)
.	        0 (0.0)	        0 (0.0)	        0 (0.0)

Rheumatoid arthritis
0	  1594767 (93.2)	  1480634 (93.7)	  114,133 (87.0)
1	  116,285 (6.8)	   99,283 (6.3)	   17,002 (13.0)
.	        0 (0.0)	        0 (0.0)	        0 (0.0)

Flu vaccine
0	  817,461 (47.8)	  751,788 (47.6)	   65,673 (50.1)
1	  893,591 (52.2)	  828,129 (52.4)	   65,462 (49.9)
.	        0 (0.0)	        0 (0.0)	        0 (0.0)

Pneumococcal Vaccine
0	  1493236 (87.3)	  1380802 (87.4)	  112,434 (85.7)
1	  217,816 (12.7)	  199,115 (12.6)	   18,701 (14.3)
.	        0 (0.0)	        0 (0.0)	        0 (0.0)

Recent Statin
0	  1247073 (72.9)	  1152049 (72.9)	   95,024 (72.5)
1	  463,979 (27.1)	  427,868 (27.1)	   36,111 (27.5)
.	        0 (0.0)	        0 (0.0)	        0 (0.0)

Recent PPIs
0	  1201449 (70.2)	  1175823 (74.4)	   25,626 (19.5)
1	  509,603 (29.8)	  404,094 (25.6)	  105,509 (80.5)
.	        0 (0.0)	        0 (0.0)	        0 (0.0)

Recent oral prednisolone
0	  1641510 (95.9)	  1516588 (96.0)	  124,922 (95.3)
1	   69,542 (4.1)	   63,329 (4.0)	    6,213 (4.7)
.	        0 (0.0)	        0 (0.0)	        0 (0.0)

Recent hydroxychloroquine
0	  1689133 (98.7)	  1562180 (98.9)	  126,953 (96.8)
1	   21,919 (1.3)	   17,737 (1.1)	    4,182 (3.2)
.	        0 (0.0)	        0 (0.0)	        0 (0.0)

Recent Other DMARDs use
0	  1649601 (96.4)	  1528755 (96.8)	  120,846 (92.2)
1	   61,451 (3.6)	   51,162 (3.2)	   10,289 (7.8)
.	        0 (0.0)	        0 (0.0)	        0 (0.0)

GP consultation in last year (binary)
0	  121,609 (7.1)	  118,866 (7.5)	    2,743 (2.1)
1	  1589443 (92.9)	  1461051 (92.5)	  128,392 (97.9)
.	        0 (0.0)	        0 (0.0)	        0 (0.0)

A&E attendance rate in last year (binary)
0	  1421183 (83.1)	  1314065 (83.2)	  107,118 (81.7)
1	  289,869 (16.9)	  265,852 (16.8)	   24,017 (18.3)
.	        0 (0.0)	        0 (0.0)	        0 (0.0)



GP consultation count
Median (IQR)	7 (3-12)	6 (3-12)	8 (5-14)
Min, Max	0, 585	0, 585	0, 360
Age (years)
Median (IQR)	67 (58-75)	68 (58-76)	63 (55-71)
Min, Max	18, 110	18, 110	18, 103
A&E attendance count
Median (IQR)	0 (0-0)	0 (0-0)	0 (0-0)
Min, Max	0, 77	0, 77	0, 59
Number of days (follow-up) for ONS covid death
Median (IQR)	105 (105-105)	105 (105-105)	105 (105-105)
Min, Max	1, 105	1, 105	1, 105
