Table 8: Demographic and Clinical Characteristics - nsaid
	Total	no current use of NSAIDs	low dose naproxen	high dose naproxen	other NSAIDs

1	  2459614 (100.0)	  1924095 (100.0)	  109,407 (100.0)	  291,943 (100.0)	  134,169 (100.0)

Grouped age
1	  712,072 (29.0)	  596,594 (31.0)	   23,442 (21.4)	   69,581 (23.8)	   22,455 (16.7)
2	  499,072 (20.3)	  396,273 (20.6)	   19,203 (17.6)	   62,597 (21.4)	   20,999 (15.7)
3	  556,471 (22.6)	  423,583 (22.0)	   25,215 (23.0)	   78,077 (26.7)	   29,596 (22.1)
4	  389,784 (15.8)	  283,615 (14.7)	   22,529 (20.6)	   53,655 (18.4)	   29,985 (22.3)
5	  231,481 (9.4)	  169,290 (8.8)	   14,720 (13.5)	   23,907 (8.2)	   23,564 (17.6)
6	   70,734 (2.9)	   54,740 (2.8)	    4,298 (3.9)	    4,126 (1.4)	    7,570 (5.6)

Male
0	  1408518 (57.3)	  1091674 (56.7)	   68,751 (62.8)	  161,935 (55.5)	   86,158 (64.2)
1	  1051096 (42.7)	  832,421 (43.3)	   40,656 (37.2)	  130,008 (44.5)	   48,011 (35.8)

Grouped BMI
1	   32,192 (1.3)	   26,253 (1.4)	    1,367 (1.2)	    2,707 (0.9)	    1,865 (1.4)
2	  597,458 (24.3)	  483,174 (25.1)	   24,759 (22.6)	   60,247 (20.6)	   29,278 (21.8)
3	  734,781 (29.9)	  575,669 (29.9)	   33,134 (30.3)	   86,445 (29.6)	   39,533 (29.5)
4	  437,788 (17.8)	  331,806 (17.2)	   21,421 (19.6)	   57,799 (19.8)	   26,762 (19.9)
5	  187,515 (7.6)	  137,267 (7.1)	    9,803 (9.0)	   27,277 (9.3)	   13,168 (9.8)
6	  100,817 (4.1)	   70,666 (3.7)	    5,725 (5.2)	   16,593 (5.7)	    7,833 (5.8)
.	  369,063 (15.0)	  299,260 (15.6)	   13,198 (12.1)	   40,875 (14.0)	   15,730 (11.7)

Smoking status
1	  1058925 (43.1)	  839,206 (43.6)	   46,595 (42.6)	  117,610 (40.3)	   55,514 (41.4)
2	  872,550 (35.5)	  665,175 (34.6)	   41,754 (38.2)	  111,018 (38.0)	   54,603 (40.7)
3	  491,373 (20.0)	  388,410 (20.2)	   19,863 (18.2)	   60,299 (20.7)	   22,801 (17.0)
.	   36,766 (1.5)	   31,304 (1.6)	    1,195 (1.1)	    3,016 (1.0)	    1,251 (0.9)

Smoking status (missing set to non)
1	  1095691 (44.5)	  870,510 (45.2)	   47,790 (43.7)	  120,626 (41.3)	   56,765 (42.3)
2	  872,550 (35.5)	  665,175 (34.6)	   41,754 (38.2)	  111,018 (38.0)	   54,603 (40.7)
3	  491,373 (20.0)	  388,410 (20.2)	   19,863 (18.2)	   60,299 (20.7)	   22,801 (17.0)
.	        0 (0.0)	        0 (0.0)	        0 (0.0)	        0 (0.0)	        0 (0.0)

Ethnicity
1	  1585324 (64.5)	  1229872 (63.9)	   71,738 (65.6)	  194,488 (66.6)	   89,226 (66.5)
2	   25,084 (1.0)	   20,415 (1.1)	    1,000 (0.9)	    2,714 (0.9)	      955 (0.7)
3	  184,794 (7.5)	  151,756 (7.9)	    8,740 (8.0)	   17,421 (6.0)	    6,877 (5.1)
4	   60,014 (2.4)	   49,486 (2.6)	    2,239 (2.0)	    6,327 (2.2)	    1,962 (1.5)
5	   37,137 (1.5)	   30,211 (1.6)	    1,523 (1.4)	    3,962 (1.4)	    1,441 (1.1)
.	  567,261 (23.1)	  442,355 (23.0)	   24,167 (22.1)	   67,031 (23.0)	   33,708 (25.1)

Index of Multiple Deprivation (IMD)
1	  494,447 (20.1)	  387,308 (20.1)	   21,563 (19.7)	   57,493 (19.7)	   28,083 (20.9)
2	  493,972 (20.1)	  385,477 (20.0)	   21,510 (19.7)	   58,782 (20.1)	   28,203 (21.0)
3	  488,308 (19.9)	  381,088 (19.8)	   22,019 (20.1)	   57,416 (19.7)	   27,785 (20.7)
4	  491,381 (20.0)	  384,665 (20.0)	   22,247 (20.3)	   58,478 (20.0)	   25,991 (19.4)
5	  491,506 (20.0)	  385,557 (20.0)	   22,068 (20.2)	   59,774 (20.5)	   24,107 (18.0)
.	        0 (0.0)	        0 (0.0)	        0 (0.0)	        0 (0.0)	        0 (0.0)

Diabetes Severity
1	  2222761 (90.4)	  1746979 (90.8)	   96,324 (88.0)	  262,589 (89.9)	  116,869 (87.1)
2	  164,340 (6.7)	  122,377 (6.4)	    9,410 (8.6)	   20,364 (7.0)	   12,189 (9.1)
3	   66,679 (2.7)	   50,205 (2.6)	    3,417 (3.1)	    8,312 (2.8)	    4,745 (3.5)
4	    5,834 (0.2)	    4,534 (0.2)	      256 (0.2)	      678 (0.2)	      366 (0.3)
.	        0 (0.0)	        0 (0.0)	        0 (0.0)	        0 (0.0)	        0 (0.0)

Diabetes Severity: group no Hb1AC with uncontrolled DM
1	  2222761 (90.4)	  1746979 (90.8)	   96,324 (88.0)	  262,589 (89.9)	  116,869 (87.1)
2	  164,340 (6.7)	  122,377 (6.4)	    9,410 (8.6)	   20,364 (7.0)	   12,189 (9.1)
3	   72,513 (2.9)	   54,739 (2.8)	    3,673 (3.4)	    8,990 (3.1)	    5,111 (3.8)
.	        0 (0.0)	        0 (0.0)	        0 (0.0)	        0 (0.0)	        0 (0.0)

Rheumatoid arthritis/osteoarthritis/both
0	  1897742 (77.2)	  1537854 (79.9)	   73,289 (67.0)	  209,505 (71.8)	   77,094 (57.5)
1	   30,220 (1.2)	   17,494 (0.9)	    2,094 (1.9)	    5,058 (1.7)	    5,574 (4.2)
2	  511,812 (20.8)	  357,615 (18.6)	   32,554 (29.8)	   74,307 (25.5)	   47,336 (35.3)
3	   19,840 (0.8)	   11,132 (0.6)	    1,470 (1.3)	    3,073 (1.1)	    4,165 (3.1)
.	        0 (0.0)	        0 (0.0)	        0 (0.0)	        0 (0.0)	        0 (0.0)

Diagnosed hypertension
0	  1977341 (80.4)	  1569930 (81.6)	   81,765 (74.7)	  231,302 (79.2)	   94,344 (70.3)
1	  482,273 (19.6)	  354,165 (18.4)	   27,642 (25.3)	   60,641 (20.8)	   39,825 (29.7)
.	        0 (0.0)	        0 (0.0)	        0 (0.0)	        0 (0.0)	        0 (0.0)

Heart Failure
0	  2447706 (99.5)	  1914618 (99.5)	  108,877 (99.5)	  290,935 (99.7)	  133,276 (99.3)
1	   11,908 (0.5)	    9,477 (0.5)	      530 (0.5)	    1,008 (0.3)	      893 (0.7)
.	        0 (0.0)	        0 (0.0)	        0 (0.0)	        0 (0.0)	        0 (0.0)

Other Heart Diseases
0	  2422873 (98.5)	  1896085 (98.5)	  107,529 (98.3)	  287,766 (98.6)	  131,493 (98.0)
1	   36,741 (1.5)	   28,010 (1.5)	    1,878 (1.7)	    4,177 (1.4)	    2,676 (2.0)
.	        0 (0.0)	        0 (0.0)	        0 (0.0)	        0 (0.0)	        0 (0.0)

Diabetes
0	  2222761 (90.4)	  1746979 (90.8)	   96,324 (88.0)	  262,589 (89.9)	  116,869 (87.1)
1	  236,853 (9.6)	  177,116 (9.2)	   13,083 (12.0)	   29,354 (10.1)	   17,300 (12.9)
.	        0 (0.0)	        0 (0.0)	        0 (0.0)	        0 (0.0)	        0 (0.0)

COPD
0	  2401464 (97.6)	  1881405 (97.8)	  106,112 (97.0)	  284,893 (97.6)	  129,054 (96.2)
1	   58,150 (2.4)	   42,690 (2.2)	    3,295 (3.0)	    7,050 (2.4)	    5,115 (3.8)
.	        0 (0.0)	        0 (0.0)	        0 (0.0)	        0 (0.0)	        0 (0.0)

Other Respiratory Diseases
0	  2436089 (99.0)	  1906767 (99.1)	  108,141 (98.8)	  289,334 (99.1)	  131,847 (98.3)
1	   23,525 (1.0)	   17,328 (0.9)	    1,266 (1.2)	    2,609 (0.9)	    2,322 (1.7)
.	        0 (0.0)	        0 (0.0)	        0 (0.0)	        0 (0.0)	        0 (0.0)

Cancer
0	  2332200 (94.8)	  1828825 (95.0)	  102,648 (93.8)	  277,641 (95.1)	  123,086 (91.7)
1	  127,414 (5.2)	   95,270 (5.0)	    6,759 (6.2)	   14,302 (4.9)	   11,083 (8.3)
.	        0 (0.0)	        0 (0.0)	        0 (0.0)	        0 (0.0)	        0 (0.0)

Immunosuppressed (combination algorithm)
0	  2447461 (99.5)	  1914832 (99.5)	  108,849 (99.5)	  290,550 (99.5)	  133,230 (99.3)
1	   12,153 (0.5)	    9,263 (0.5)	      558 (0.5)	    1,393 (0.5)	      939 (0.7)
.	        0 (0.0)	        0 (0.0)	        0 (0.0)	        0 (0.0)	        0 (0.0)

Chronic kidney disease
0	  2390350 (97.2)	  1872399 (97.3)	  105,359 (96.3)	  285,554 (97.8)	  127,038 (94.7)
1	   69,264 (2.8)	   51,696 (2.7)	    4,048 (3.7)	    6,389 (2.2)	    7,131 (5.3)
.	        0 (0.0)	        0 (0.0)	        0 (0.0)	        0 (0.0)	        0 (0.0)

Osteoarthritis
0	  1927962 (78.4)	  1555348 (80.8)	   75,383 (68.9)	  214,563 (73.5)	   82,668 (61.6)
1	  531,652 (21.6)	  368,747 (19.2)	   34,024 (31.1)	   77,380 (26.5)	   51,501 (38.4)
.	        0 (0.0)	        0 (0.0)	        0 (0.0)	        0 (0.0)	        0 (0.0)

Rheumatoid arthritis
0	  2409554 (98.0)	  1895469 (98.5)	  105,843 (96.7)	  283,812 (97.2)	  124,430 (92.7)
1	   50,060 (2.0)	   28,626 (1.5)	    3,564 (3.3)	    8,131 (2.8)	    9,739 (7.3)
.	        0 (0.0)	        0 (0.0)	        0 (0.0)	        0 (0.0)	        0 (0.0)

Flu vaccine
0	  1862731 (75.7)	  1489109 (77.4)	   74,198 (67.8)	  219,976 (75.3)	   79,448 (59.2)
1	  596,883 (24.3)	  434,986 (22.6)	   35,209 (32.2)	   71,967 (24.7)	   54,721 (40.8)
.	        0 (0.0)	        0 (0.0)	        0 (0.0)	        0 (0.0)	        0 (0.0)

Pneumococcal Vaccine
0	  2298434 (93.4)	  1807723 (94.0)	   99,789 (91.2)	  271,449 (93.0)	  119,473 (89.0)
1	  161,180 (6.6)	  116,372 (6.0)	    9,618 (8.8)	   20,494 (7.0)	   14,696 (11.0)
.	        0 (0.0)	        0 (0.0)	        0 (0.0)	        0 (0.0)	        0 (0.0)

Recent Statin
0	  2148582 (87.4)	  1700339 (88.4)	   89,939 (82.2)	  251,786 (86.2)	  106,518 (79.4)
1	  311,032 (12.6)	  223,756 (11.6)	   19,468 (17.8)	   40,157 (13.8)	   27,651 (20.6)
.	        0 (0.0)	        0 (0.0)	        0 (0.0)	        0 (0.0)	        0 (0.0)

Recent PPIs
0	  1848685 (75.2)	  1655291 (86.0)	   37,288 (34.1)	  103,521 (35.5)	   52,585 (39.2)
1	  610,929 (24.8)	  268,804 (14.0)	   72,119 (65.9)	  188,422 (64.5)	   81,584 (60.8)
.	        0 (0.0)	        0 (0.0)	        0 (0.0)	        0 (0.0)	        0 (0.0)

Recent oral prednisolone
0	  2404587 (97.8)	  1885107 (98.0)	  106,289 (97.2)	  284,665 (97.5)	  128,526 (95.8)
1	   55,027 (2.2)	   38,988 (2.0)	    3,118 (2.8)	    7,278 (2.5)	    5,643 (4.2)
.	        0 (0.0)	        0 (0.0)	        0 (0.0)	        0 (0.0)	        0 (0.0)

Recent hydroxychloroquine
0	  2444865 (99.4)	  1916019 (99.6)	  108,283 (99.0)	  289,361 (99.1)	  131,202 (97.8)
1	   14,749 (0.6)	    8,076 (0.4)	    1,124 (1.0)	    2,582 (0.9)	    2,967 (2.2)
.	        0 (0.0)	        0 (0.0)	        0 (0.0)	        0 (0.0)	        0 (0.0)

Recent Other DMARDs use
0	  2422085 (98.5)	  1903353 (98.9)	  106,687 (97.5)	  285,819 (97.9)	  126,226 (94.1)
1	   37,529 (1.5)	   20,742 (1.1)	    2,720 (2.5)	    6,124 (2.1)	    7,943 (5.9)
.	        0 (0.0)	        0 (0.0)	        0 (0.0)	        0 (0.0)	        0 (0.0)

GP consultation in last year (binary)
0	  216,221 (8.8)	  204,798 (10.6)	    2,075 (1.9)	    5,142 (1.8)	    4,206 (3.1)
1	  2243393 (91.2)	  1719297 (89.4)	  107,332 (98.1)	  286,801 (98.2)	  129,963 (96.9)
.	        0 (0.0)	        0 (0.0)	        0 (0.0)	        0 (0.0)	        0 (0.0)

A&E attendance rate in last year (binary)
0	  1981924 (80.6)	  1560412 (81.1)	   86,799 (79.3)	  227,969 (78.1)	  106,744 (79.6)
1	  477,690 (19.4)	  363,683 (18.9)	   22,608 (20.7)	   63,974 (21.9)	   27,425 (20.4)
.	        0 (0.0)	        0 (0.0)	        0 (0.0)	        0 (0.0)	        0 (0.0)



GP consultation count
Median (IQR)	6 (3-11)	5 (2-10)	8 (4-13)	7 (4-12)	8 (4-14)
Min, Max	0, 626	0, 626	0, 393	0, 560	0, 576
Age (years)
Median (IQR)	50 (37-61)	49 (36-60)	54 (42-65)	51 (40-61)	57 (46-69)
Min, Max	18, 110	18, 110	18, 101	18, 100	18, 103
A&E attendance count
Median (IQR)	0 (0-0)	0 (0-0)	0 (0-0)	0 (0-0)	0 (0-0)
Min, Max	0, 153	0, 127	0, 55	0, 153	0, 72
Number of days (follow-up) for ONS covid death
Median (IQR)	105 (105-105)	105 (105-105)	105 (105-105)	105 (105-105)	105 (105-105)
Min, Max	1, 105	1, 105	1, 105	1, 105	1, 105
