Table 12: Demographic and Clinical Characteristics - nsaid
	Total	no current use of NSAIDs	Cox-2 specific NSAIDs	Other specific NSAIDs

1	  2459614 (100.0)	  1924095 (100.0)	   24,751 (100.0)	  510,768 (100.0)

Grouped age
1	  712,072 (29.0)	  596,594 (31.0)	    3,199 (12.9)	  112,279 (22.0)
2	  499,072 (20.3)	  396,273 (20.6)	    4,240 (17.1)	   98,559 (19.3)
3	  556,471 (22.6)	  423,583 (22.0)	    6,590 (26.6)	  126,298 (24.7)
4	  389,784 (15.8)	  283,615 (14.7)	    5,740 (23.2)	  100,429 (19.7)
5	  231,481 (9.4)	  169,290 (8.8)	    3,842 (15.5)	   58,349 (11.4)
6	   70,734 (2.9)	   54,740 (2.8)	    1,140 (4.6)	   14,854 (2.9)

Male
0	  1408518 (57.3)	  1091674 (56.7)	   15,447 (62.4)	  301,397 (59.0)
1	  1051096 (42.7)	  832,421 (43.3)	    9,304 (37.6)	  209,371 (41.0)

Grouped BMI
1	   32,192 (1.3)	   26,253 (1.4)	      274 (1.1)	    5,665 (1.1)
2	  597,458 (24.3)	  483,174 (25.1)	    5,325 (21.5)	  108,959 (21.3)
3	  734,781 (29.9)	  575,669 (29.9)	    7,580 (30.6)	  151,532 (29.7)
4	  437,788 (17.8)	  331,806 (17.2)	    5,028 (20.3)	  100,954 (19.8)
5	  187,515 (7.6)	  137,267 (7.1)	    2,538 (10.3)	   47,710 (9.3)
6	  100,817 (4.1)	   70,666 (3.7)	    1,411 (5.7)	   28,740 (5.6)
.	  369,063 (15.0)	  299,260 (15.6)	    2,595 (10.5)	   67,208 (13.2)

Smoking status
1	  1058925 (43.1)	  839,206 (43.6)	    9,751 (39.4)	  209,968 (41.1)
2	  872,550 (35.5)	  665,175 (34.6)	   10,690 (43.2)	  196,685 (38.5)
3	  491,373 (20.0)	  388,410 (20.2)	    4,212 (17.0)	   98,751 (19.3)
.	   36,766 (1.5)	   31,304 (1.6)	       98 (0.4)	    5,364 (1.1)

Smoking status (missing set to non)
1	  1095691 (44.5)	  870,510 (45.2)	    9,849 (39.8)	  215,332 (42.2)
2	  872,550 (35.5)	  665,175 (34.6)	   10,690 (43.2)	  196,685 (38.5)
3	  491,373 (20.0)	  388,410 (20.2)	    4,212 (17.0)	   98,751 (19.3)
.	        0 (0.0)	        0 (0.0)	        0 (0.0)	        0 (0.0)

Ethnicity
1	  1585324 (64.5)	  1229872 (63.9)	   17,141 (69.3)	  338,311 (66.2)
2	   25,084 (1.0)	   20,415 (1.1)	      128 (0.5)	    4,541 (0.9)
3	  184,794 (7.5)	  151,756 (7.9)	      981 (4.0)	   32,057 (6.3)
4	   60,014 (2.4)	   49,486 (2.6)	      208 (0.8)	   10,320 (2.0)
5	   37,137 (1.5)	   30,211 (1.6)	      231 (0.9)	    6,695 (1.3)
.	  567,261 (23.1)	  442,355 (23.0)	    6,062 (24.5)	  118,844 (23.3)

Index of Multiple Deprivation (IMD)
1	  494,447 (20.1)	  387,308 (20.1)	    5,517 (22.3)	  101,622 (19.9)
2	  493,972 (20.1)	  385,477 (20.0)	    5,621 (22.7)	  102,874 (20.1)
3	  488,308 (19.9)	  381,088 (19.8)	    5,202 (21.0)	  102,018 (20.0)
4	  491,381 (20.0)	  384,665 (20.0)	    4,543 (18.4)	  102,173 (20.0)
5	  491,506 (20.0)	  385,557 (20.0)	    3,868 (15.6)	  102,081 (20.0)
.	        0 (0.0)	        0 (0.0)	        0 (0.0)	        0 (0.0)

Diabetes Severity
1	  2222761 (90.4)	  1746979 (90.8)	   21,743 (87.8)	  454,039 (88.9)
2	  164,340 (6.7)	  122,377 (6.4)	    2,162 (8.7)	   39,801 (7.8)
3	   66,679 (2.7)	   50,205 (2.6)	      772 (3.1)	   15,702 (3.1)
4	    5,834 (0.2)	    4,534 (0.2)	       74 (0.3)	    1,226 (0.2)
.	        0 (0.0)	        0 (0.0)	        0 (0.0)	        0 (0.0)

Diabetes Severity: group no Hb1AC with uncontrolled DM
1	  2222761 (90.4)	  1746979 (90.8)	   21,743 (87.8)	  454,039 (88.9)
2	  164,340 (6.7)	  122,377 (6.4)	    2,162 (8.7)	   39,801 (7.8)
3	   72,513 (2.9)	   54,739 (2.8)	      846 (3.4)	   16,928 (3.3)
.	        0 (0.0)	        0 (0.0)	        0 (0.0)	        0 (0.0)

Rheumatoid arthritis/osteoarthritis/both
0	  1897742 (77.2)	  1537854 (79.9)	   12,213 (49.3)	  347,675 (68.1)
1	   30,220 (1.2)	   17,494 (0.9)	    1,803 (7.3)	   10,923 (2.1)
2	  511,812 (20.8)	  357,615 (18.6)	    9,353 (37.8)	  144,844 (28.4)
3	   19,840 (0.8)	   11,132 (0.6)	    1,382 (5.6)	    7,326 (1.4)
.	        0 (0.0)	        0 (0.0)	        0 (0.0)	        0 (0.0)

Diagnosed hypertension
0	  1977341 (80.4)	  1569930 (81.6)	   17,239 (69.6)	  390,172 (76.4)
1	  482,273 (19.6)	  354,165 (18.4)	    7,512 (30.4)	  120,596 (23.6)
.	        0 (0.0)	        0 (0.0)	        0 (0.0)	        0 (0.0)

Heart Failure
0	  2447706 (99.5)	  1914618 (99.5)	   24,574 (99.3)	  508,514 (99.6)
1	   11,908 (0.5)	    9,477 (0.5)	      177 (0.7)	    2,254 (0.4)
.	        0 (0.0)	        0 (0.0)	        0 (0.0)	        0 (0.0)

Other Heart Diseases
0	  2422873 (98.5)	  1896085 (98.5)	   24,245 (98.0)	  502,543 (98.4)
1	   36,741 (1.5)	   28,010 (1.5)	      506 (2.0)	    8,225 (1.6)
.	        0 (0.0)	        0 (0.0)	        0 (0.0)	        0 (0.0)

Diabetes
0	  2222761 (90.4)	  1746979 (90.8)	   21,743 (87.8)	  454,039 (88.9)
1	  236,853 (9.6)	  177,116 (9.2)	    3,008 (12.2)	   56,729 (11.1)
.	        0 (0.0)	        0 (0.0)	        0 (0.0)	        0 (0.0)

COPD
0	  2401464 (97.6)	  1881405 (97.8)	   23,766 (96.0)	  496,293 (97.2)
1	   58,150 (2.4)	   42,690 (2.2)	      985 (4.0)	   14,475 (2.8)
.	        0 (0.0)	        0 (0.0)	        0 (0.0)	        0 (0.0)

Other Respiratory Diseases
0	  2436089 (99.0)	  1906767 (99.1)	   24,286 (98.1)	  505,036 (98.9)
1	   23,525 (1.0)	   17,328 (0.9)	      465 (1.9)	    5,732 (1.1)
.	        0 (0.0)	        0 (0.0)	        0 (0.0)	        0 (0.0)

Cancer
0	  2332200 (94.8)	  1828825 (95.0)	   22,910 (92.6)	  480,465 (94.1)
1	  127,414 (5.2)	   95,270 (5.0)	    1,841 (7.4)	   30,303 (5.9)
.	        0 (0.0)	        0 (0.0)	        0 (0.0)	        0 (0.0)

Immunosuppressed (combination algorithm)
0	  2447461 (99.5)	  1914832 (99.5)	   24,571 (99.3)	  508,058 (99.5)
1	   12,153 (0.5)	    9,263 (0.5)	      180 (0.7)	    2,710 (0.5)
.	        0 (0.0)	        0 (0.0)	        0 (0.0)	        0 (0.0)

Chronic kidney disease
0	  2390350 (97.2)	  1872399 (97.3)	   23,286 (94.1)	  494,665 (96.8)
1	   69,264 (2.8)	   51,696 (2.7)	    1,465 (5.9)	   16,103 (3.2)
.	        0 (0.0)	        0 (0.0)	        0 (0.0)	        0 (0.0)

Osteoarthritis
0	  1927962 (78.4)	  1555348 (80.8)	   14,016 (56.6)	  358,598 (70.2)
1	  531,652 (21.6)	  368,747 (19.2)	   10,735 (43.4)	  152,170 (29.8)
.	        0 (0.0)	        0 (0.0)	        0 (0.0)	        0 (0.0)

Rheumatoid arthritis
0	  2409554 (98.0)	  1895469 (98.5)	   21,566 (87.1)	  492,519 (96.4)
1	   50,060 (2.0)	   28,626 (1.5)	    3,185 (12.9)	   18,249 (3.6)
.	        0 (0.0)	        0 (0.0)	        0 (0.0)	        0 (0.0)

Flu vaccine
0	  1862731 (75.7)	  1489109 (77.4)	   14,262 (57.6)	  359,360 (70.4)
1	  596,883 (24.3)	  434,986 (22.6)	   10,489 (42.4)	  151,408 (29.6)
.	        0 (0.0)	        0 (0.0)	        0 (0.0)	        0 (0.0)

Pneumococcal Vaccine
0	  2298434 (93.4)	  1807723 (94.0)	   21,449 (86.7)	  469,262 (91.9)
1	  161,180 (6.6)	  116,372 (6.0)	    3,302 (13.3)	   41,506 (8.1)
.	        0 (0.0)	        0 (0.0)	        0 (0.0)	        0 (0.0)

Recent Statin
0	  2148582 (87.4)	  1700339 (88.4)	   19,811 (80.0)	  428,432 (83.9)
1	  311,032 (12.6)	  223,756 (11.6)	    4,940 (20.0)	   82,336 (16.1)
.	        0 (0.0)	        0 (0.0)	        0 (0.0)	        0 (0.0)

Recent PPIs
0	  1848685 (75.2)	  1655291 (86.0)	    8,376 (33.8)	  185,018 (36.2)
1	  610,929 (24.8)	  268,804 (14.0)	   16,375 (66.2)	  325,750 (63.8)
.	        0 (0.0)	        0 (0.0)	        0 (0.0)	        0 (0.0)

Recent oral prednisolone
0	  2404587 (97.8)	  1885107 (98.0)	   23,263 (94.0)	  496,217 (97.2)
1	   55,027 (2.2)	   38,988 (2.0)	    1,488 (6.0)	   14,551 (2.8)
.	        0 (0.0)	        0 (0.0)	        0 (0.0)	        0 (0.0)

Recent hydroxychloroquine
0	  2444865 (99.4)	  1916019 (99.6)	   23,716 (95.8)	  505,130 (98.9)
1	   14,749 (0.6)	    8,076 (0.4)	    1,035 (4.2)	    5,638 (1.1)
.	        0 (0.0)	        0 (0.0)	        0 (0.0)	        0 (0.0)

Recent Other DMARDs use
0	  2422085 (98.5)	  1903353 (98.9)	   21,907 (88.5)	  496,825 (97.3)
1	   37,529 (1.5)	   20,742 (1.1)	    2,844 (11.5)	   13,943 (2.7)
.	        0 (0.0)	        0 (0.0)	        0 (0.0)	        0 (0.0)

GP consultation in last year (binary)
0	  216,221 (8.8)	  204,798 (10.6)	      672 (2.7)	   10,751 (2.1)
1	  2243393 (91.2)	  1719297 (89.4)	   24,079 (97.3)	  500,017 (97.9)
.	        0 (0.0)	        0 (0.0)	        0 (0.0)	        0 (0.0)

A&E attendance rate in last year (binary)
0	  1981924 (80.6)	  1560412 (81.1)	   19,750 (79.8)	  401,762 (78.7)
1	  477,690 (19.4)	  363,683 (18.9)	    5,001 (20.2)	  109,006 (21.3)
.	        0 (0.0)	        0 (0.0)	        0 (0.0)	        0 (0.0)



GP consultation count
Median (IQR)	6 (3-11)	5 (2-10)	9 (5-15)	7 (4-13)
Min, Max	0, 626	0, 626	0, 565	0, 576
Age (years)
Median (IQR)	50 (37-61)	49 (36-60)	57 (47-67)	53 (41-64)
Min, Max	18, 110	18, 110	18, 100	18, 103
A&E attendance count
Median (IQR)	0 (0-0)	0 (0-0)	0 (0-0)	0 (0-0)
Min, Max	0, 153	0, 127	0, 60	0, 153
Number of days (follow-up) for ONS covid death
Median (IQR)	105 (105-105)	105 (105-105)	105 (105-105)	105 (105-105)
Min, Max	1, 105	1, 105	4, 105	1, 105
