Table 1: Demographic and Clinical Characteristics - nsaid
	Total	non-current NSAID use	current NSAID use

1	  2459614 (100.0)	  1924095 (100.0)	  535,519 (100.0)

Grouped age
1	  712,072 (29.0)	  596,594 (31.0)	  115,478 (21.6)
2	  499,072 (20.3)	  396,273 (20.6)	  102,799 (19.2)
3	  556,471 (22.6)	  423,583 (22.0)	  132,888 (24.8)
4	  389,784 (15.8)	  283,615 (14.7)	  106,169 (19.8)
5	  231,481 (9.4)	  169,290 (8.8)	   62,191 (11.6)
6	   70,734 (2.9)	   54,740 (2.8)	   15,994 (3.0)

Male
0	  1408518 (57.3)	  1091674 (56.7)	  316,844 (59.2)
1	  1051096 (42.7)	  832,421 (43.3)	  218,675 (40.8)

Grouped BMI
1	   32,192 (1.3)	   26,253 (1.4)	    5,939 (1.1)
2	  597,458 (24.3)	  483,174 (25.1)	  114,284 (21.3)
3	  734,781 (29.9)	  575,669 (29.9)	  159,112 (29.7)
4	  437,788 (17.8)	  331,806 (17.2)	  105,982 (19.8)
5	  187,515 (7.6)	  137,267 (7.1)	   50,248 (9.4)
6	  100,817 (4.1)	   70,666 (3.7)	   30,151 (5.6)
.	  369,063 (15.0)	  299,260 (15.6)	   69,803 (13.0)

Smoking status
1	  1058925 (43.1)	  839,206 (43.6)	  219,719 (41.0)
2	  872,550 (35.5)	  665,175 (34.6)	  207,375 (38.7)
3	  491,373 (20.0)	  388,410 (20.2)	  102,963 (19.2)
.	   36,766 (1.5)	   31,304 (1.6)	    5,462 (1.0)

Smoking status (missing set to non)
1	  1095691 (44.5)	  870,510 (45.2)	  225,181 (42.0)
2	  872,550 (35.5)	  665,175 (34.6)	  207,375 (38.7)
3	  491,373 (20.0)	  388,410 (20.2)	  102,963 (19.2)
.	        0 (0.0)	        0 (0.0)	        0 (0.0)

Ethnicity
1	  1585324 (64.5)	  1229872 (63.9)	  355,452 (66.4)
2	   25,084 (1.0)	   20,415 (1.1)	    4,669 (0.9)
3	  184,794 (7.5)	  151,756 (7.9)	   33,038 (6.2)
4	   60,014 (2.4)	   49,486 (2.6)	   10,528 (2.0)
5	   37,137 (1.5)	   30,211 (1.6)	    6,926 (1.3)
.	  567,261 (23.1)	  442,355 (23.0)	  124,906 (23.3)

Index of Multiple Deprivation (IMD)
1	  494,447 (20.1)	  387,308 (20.1)	  107,139 (20.0)
2	  493,972 (20.1)	  385,477 (20.0)	  108,495 (20.3)
3	  488,308 (19.9)	  381,088 (19.8)	  107,220 (20.0)
4	  491,381 (20.0)	  384,665 (20.0)	  106,716 (19.9)
5	  491,506 (20.0)	  385,557 (20.0)	  105,949 (19.8)
.	        0 (0.0)	        0 (0.0)	        0 (0.0)

Diabetes Severity
1	  2222761 (90.4)	  1746979 (90.8)	  475,782 (88.8)
2	  164,340 (6.7)	  122,377 (6.4)	   41,963 (7.8)
3	   66,679 (2.7)	   50,205 (2.6)	   16,474 (3.1)
4	    5,834 (0.2)	    4,534 (0.2)	    1,300 (0.2)
.	        0 (0.0)	        0 (0.0)	        0 (0.0)

Diabetes Severity: group no Hb1AC with uncontrolled DM
1	  2222761 (90.4)	  1746979 (90.8)	  475,782 (88.8)
2	  164,340 (6.7)	  122,377 (6.4)	   41,963 (7.8)
3	   72,513 (2.9)	   54,739 (2.8)	   17,774 (3.3)
.	        0 (0.0)	        0 (0.0)	        0 (0.0)

Rheumatoid arthritis/osteoarthritis/both
0	  1897742 (77.2)	  1537854 (79.9)	  359,888 (67.2)
1	   30,220 (1.2)	   17,494 (0.9)	   12,726 (2.4)
2	  511,812 (20.8)	  357,615 (18.6)	  154,197 (28.8)
3	   19,840 (0.8)	   11,132 (0.6)	    8,708 (1.6)
.	        0 (0.0)	        0 (0.0)	        0 (0.0)

Diagnosed hypertension
0	  1977341 (80.4)	  1569930 (81.6)	  407,411 (76.1)
1	  482,273 (19.6)	  354,165 (18.4)	  128,108 (23.9)
.	        0 (0.0)	        0 (0.0)	        0 (0.0)

Heart Failure
0	  2447706 (99.5)	  1914618 (99.5)	  533,088 (99.5)
1	   11,908 (0.5)	    9,477 (0.5)	    2,431 (0.5)
.	        0 (0.0)	        0 (0.0)	        0 (0.0)

Other Heart Diseases
0	  2422873 (98.5)	  1896085 (98.5)	  526,788 (98.4)
1	   36,741 (1.5)	   28,010 (1.5)	    8,731 (1.6)
.	        0 (0.0)	        0 (0.0)	        0 (0.0)

Diabetes
0	  2222761 (90.4)	  1746979 (90.8)	  475,782 (88.8)
1	  236,853 (9.6)	  177,116 (9.2)	   59,737 (11.2)
.	        0 (0.0)	        0 (0.0)	        0 (0.0)

COPD
0	  2401464 (97.6)	  1881405 (97.8)	  520,059 (97.1)
1	   58,150 (2.4)	   42,690 (2.2)	   15,460 (2.9)
.	        0 (0.0)	        0 (0.0)	        0 (0.0)

Other Respiratory Diseases
0	  2436089 (99.0)	  1906767 (99.1)	  529,322 (98.8)
1	   23,525 (1.0)	   17,328 (0.9)	    6,197 (1.2)
.	        0 (0.0)	        0 (0.0)	        0 (0.0)

Cancer
0	  2332200 (94.8)	  1828825 (95.0)	  503,375 (94.0)
1	  127,414 (5.2)	   95,270 (5.0)	   32,144 (6.0)
.	        0 (0.0)	        0 (0.0)	        0 (0.0)

Immunosuppressed (combination algorithm)
0	  2447461 (99.5)	  1914832 (99.5)	  532,629 (99.5)
1	   12,153 (0.5)	    9,263 (0.5)	    2,890 (0.5)
.	        0 (0.0)	        0 (0.0)	        0 (0.0)

Chronic kidney disease
0	  2390350 (97.2)	  1872399 (97.3)	  517,951 (96.7)
1	   69,264 (2.8)	   51,696 (2.7)	   17,568 (3.3)
.	        0 (0.0)	        0 (0.0)	        0 (0.0)

Osteoarthritis
0	  1927962 (78.4)	  1555348 (80.8)	  372,614 (69.6)
1	  531,652 (21.6)	  368,747 (19.2)	  162,905 (30.4)
.	        0 (0.0)	        0 (0.0)	        0 (0.0)

Rheumatoid arthritis
0	  2409554 (98.0)	  1895469 (98.5)	  514,085 (96.0)
1	   50,060 (2.0)	   28,626 (1.5)	   21,434 (4.0)
.	        0 (0.0)	        0 (0.0)	        0 (0.0)

Flu vaccine
0	  1862731 (75.7)	  1489109 (77.4)	  373,622 (69.8)
1	  596,883 (24.3)	  434,986 (22.6)	  161,897 (30.2)
.	        0 (0.0)	        0 (0.0)	        0 (0.0)

Pneumococcal Vaccine
0	  2298434 (93.4)	  1807723 (94.0)	  490,711 (91.6)
1	  161,180 (6.6)	  116,372 (6.0)	   44,808 (8.4)
.	        0 (0.0)	        0 (0.0)	        0 (0.0)

Recent Statin
0	  2148582 (87.4)	  1700339 (88.4)	  448,243 (83.7)
1	  311,032 (12.6)	  223,756 (11.6)	   87,276 (16.3)
.	        0 (0.0)	        0 (0.0)	        0 (0.0)

Recent PPIs
0	  1848685 (75.2)	  1655291 (86.0)	  193,394 (36.1)
1	  610,929 (24.8)	  268,804 (14.0)	  342,125 (63.9)
.	        0 (0.0)	        0 (0.0)	        0 (0.0)

Recent oral prednisolone
0	  2404587 (97.8)	  1885107 (98.0)	  519,480 (97.0)
1	   55,027 (2.2)	   38,988 (2.0)	   16,039 (3.0)
.	        0 (0.0)	        0 (0.0)	        0 (0.0)

Recent hydroxychloroquine
0	  2444865 (99.4)	  1916019 (99.6)	  528,846 (98.8)
1	   14,749 (0.6)	    8,076 (0.4)	    6,673 (1.2)
.	        0 (0.0)	        0 (0.0)	        0 (0.0)

Recent Other DMARDs use
0	  2422085 (98.5)	  1903353 (98.9)	  518,732 (96.9)
1	   37,529 (1.5)	   20,742 (1.1)	   16,787 (3.1)
.	        0 (0.0)	        0 (0.0)	        0 (0.0)

GP consultation in last year (binary)
0	  216,221 (8.8)	  204,798 (10.6)	   11,423 (2.1)
1	  2243393 (91.2)	  1719297 (89.4)	  524,096 (97.9)
.	        0 (0.0)	        0 (0.0)	        0 (0.0)

A&E attendance rate in last year (binary)
0	  1981924 (80.6)	  1560412 (81.1)	  421,512 (78.7)
1	  477,690 (19.4)	  363,683 (18.9)	  114,007 (21.3)
.	        0 (0.0)	        0 (0.0)	        0 (0.0)



GP consultation count
Median (IQR)	6 (3-11)	5 (2-10)	8 (4-13)
Min, Max	0, 626	0, 626	0, 576
Age (years)
Median (IQR)	50 (37-61)	49 (36-60)	53 (42-64)
Min, Max	18, 110	18, 110	18, 103
A&E attendance count
Median (IQR)	0 (0-0)	0 (0-0)	0 (0-0)
Min, Max	0, 153	0, 127	0, 153
Number of days (follow-up) for ONS covid death
Median (IQR)	105 (105-105)	105 (105-105)	105 (105-105)
Min, Max	1, 105	1, 105	1, 105
