Table 16: Demographic and Clinical Characteristics - nsaid
	Total	no current use of NSAIDs	ibuprofen	other NSAIDs

1	  2463707 (100.0)	  1927284 (100.0)	   50,688 (100.0)	  485,735 (100.0)

Grouped age
1	  714,371 (29.0)	  598,513 (31.1)	    6,635 (13.1)	  109,223 (22.5)
2	  500,277 (20.3)	  397,201 (20.6)	    6,414 (12.7)	   96,662 (19.9)
3	  557,003 (22.6)	  423,937 (22.0)	   10,324 (20.4)	  122,742 (25.3)
4	  389,844 (15.8)	  283,639 (14.7)	   12,371 (24.4)	   93,834 (19.3)
5	  231,502 (9.4)	  169,281 (8.8)	   11,006 (21.7)	   51,215 (10.5)
6	   70,710 (2.9)	   54,713 (2.8)	    3,938 (7.8)	   12,059 (2.5)

Male
0	  1410922 (57.3)	  1093581 (56.7)	   31,481 (62.1)	  285,860 (58.9)
1	  1052785 (42.7)	  833,703 (43.3)	   19,207 (37.9)	  199,875 (41.1)

Grouped BMI
1	   32,476 (1.3)	   26,435 (1.4)	      780 (1.5)	    5,261 (1.1)
2	  599,519 (24.3)	  484,862 (25.2)	   10,869 (21.4)	  103,788 (21.4)
3	  736,660 (29.9)	  577,087 (29.9)	   15,149 (29.9)	  144,424 (29.7)
4	  439,568 (17.8)	  333,254 (17.3)	   10,284 (20.3)	   96,030 (19.8)
5	  188,465 (7.6)	  138,059 (7.2)	    4,959 (9.8)	   45,447 (9.4)
6	  101,941 (4.1)	   71,503 (3.7)	    3,006 (5.9)	   27,432 (5.6)
.	  365,078 (14.8)	  296,084 (15.4)	    5,641 (11.1)	   63,353 (13.0)

Smoking status
1	  1061549 (43.1)	  841,256 (43.6)	   20,449 (40.3)	  199,844 (41.1)
2	  872,422 (35.4)	  665,068 (34.5)	   20,672 (40.8)	  186,682 (38.4)
3	  492,598 (20.0)	  389,340 (20.2)	    9,115 (18.0)	   94,143 (19.4)
.	   37,138 (1.5)	   31,620 (1.6)	      452 (0.9)	    5,066 (1.0)

Smoking status (missing set to non)
1	  1098687 (44.6)	  872,876 (45.3)	   20,901 (41.2)	  204,910 (42.2)
2	  872,422 (35.4)	  665,068 (34.5)	   20,672 (40.8)	  186,682 (38.4)
3	  492,598 (20.0)	  389,340 (20.2)	    9,115 (18.0)	   94,143 (19.4)
.	        0 (0.0)	        0 (0.0)	        0 (0.0)	        0 (0.0)

Ethnicity
1	  1594505 (64.7)	  1236854 (64.2)	   33,752 (66.6)	  323,899 (66.7)
2	   25,252 (1.0)	   20,556 (1.1)	      364 (0.7)	    4,332 (0.9)
3	  184,543 (7.5)	  151,533 (7.9)	    2,950 (5.8)	   30,060 (6.2)
4	   60,145 (2.4)	   49,618 (2.6)	      832 (1.6)	    9,695 (2.0)
5	   37,139 (1.5)	   30,214 (1.6)	      625 (1.2)	    6,300 (1.3)
.	  562,123 (22.8)	  438,509 (22.8)	   12,165 (24.0)	  111,449 (22.9)

Index of Multiple Deprivation (IMD)
1	  495,910 (20.1)	  388,369 (20.2)	    9,509 (18.8)	   98,032 (20.2)
2	  496,425 (20.1)	  387,428 (20.1)	    9,868 (19.5)	   99,129 (20.4)
3	  489,983 (19.9)	  382,357 (19.8)	   10,606 (20.9)	   97,020 (20.0)
4	  491,196 (19.9)	  384,598 (20.0)	   10,062 (19.9)	   96,536 (19.9)
5	  490,193 (19.9)	  384,532 (20.0)	   10,643 (21.0)	   95,018 (19.6)
.	        0 (0.0)	        0 (0.0)	        0 (0.0)	        0 (0.0)

Diabetes Severity
1	  2226311 (90.4)	  1749827 (90.8)	   42,944 (84.7)	  433,540 (89.3)
2	  164,785 (6.7)	  122,653 (6.4)	    5,371 (10.6)	   36,761 (7.6)
3	   66,772 (2.7)	   50,268 (2.6)	    2,235 (4.4)	   14,269 (2.9)
4	    5,839 (0.2)	    4,536 (0.2)	      138 (0.3)	    1,165 (0.2)
.	        0 (0.0)	        0 (0.0)	        0 (0.0)	        0 (0.0)

Diabetes Severity: group no Hb1AC with uncontrolled DM
1	  2226311 (90.4)	  1749827 (90.8)	   42,944 (84.7)	  433,540 (89.3)
2	  164,785 (6.7)	  122,653 (6.4)	    5,371 (10.6)	   36,761 (7.6)
3	   72,611 (2.9)	   54,804 (2.8)	    2,373 (4.7)	   15,434 (3.2)
.	        0 (0.0)	        0 (0.0)	        0 (0.0)	        0 (0.0)

Rheumatoid arthritis/osteoarthritis/both
0	  1902680 (77.2)	  1541752 (80.0)	   28,811 (56.8)	  332,117 (68.4)
1	   30,397 (1.2)	   17,578 (0.9)	    1,263 (2.5)	   11,556 (2.4)
2	  510,811 (20.7)	  356,842 (18.5)	   19,692 (38.8)	  134,277 (27.6)
3	   19,819 (0.8)	   11,112 (0.6)	      922 (1.8)	    7,785 (1.6)
.	        0 (0.0)	        0 (0.0)	        0 (0.0)	        0 (0.0)

Diagnosed hypertension
0	  1981826 (80.4)	  1573481 (81.6)	   34,504 (68.1)	  373,841 (77.0)
1	  481,881 (19.6)	  353,803 (18.4)	   16,184 (31.9)	  111,894 (23.0)
.	        0 (0.0)	        0 (0.0)	        0 (0.0)	        0 (0.0)

Heart Failure
0	  2451762 (99.5)	  1917772 (99.5)	   50,300 (99.2)	  483,690 (99.6)
1	   11,945 (0.5)	    9,512 (0.5)	      388 (0.8)	    2,045 (0.4)
.	        0 (0.0)	        0 (0.0)	        0 (0.0)	        0 (0.0)

Other Heart Diseases
0	  2427100 (98.5)	  1899403 (98.6)	   49,584 (97.8)	  478,113 (98.4)
1	   36,607 (1.5)	   27,881 (1.4)	    1,104 (2.2)	    7,622 (1.6)
.	        0 (0.0)	        0 (0.0)	        0 (0.0)	        0 (0.0)

Diabetes
0	  2226311 (90.4)	  1749827 (90.8)	   42,944 (84.7)	  433,540 (89.3)
1	  237,396 (9.6)	  177,457 (9.2)	    7,744 (15.3)	   52,195 (10.7)
.	        0 (0.0)	        0 (0.0)	        0 (0.0)	        0 (0.0)

COPD
0	  2405636 (97.6)	  1884648 (97.8)	   48,372 (95.4)	  472,616 (97.3)
1	   58,071 (2.4)	   42,636 (2.2)	    2,316 (4.6)	   13,119 (2.7)
.	        0 (0.0)	        0 (0.0)	        0 (0.0)	        0 (0.0)

Other Respiratory Diseases
0	  2440243 (99.0)	  1910014 (99.1)	   49,660 (98.0)	  480,569 (98.9)
1	   23,464 (1.0)	   17,270 (0.9)	    1,028 (2.0)	    5,166 (1.1)
.	        0 (0.0)	        0 (0.0)	        0 (0.0)	        0 (0.0)

Cancer
0	  2336264 (94.8)	  1831969 (95.1)	   45,234 (89.2)	  459,061 (94.5)
1	  127,443 (5.2)	   95,315 (4.9)	    5,454 (10.8)	   26,674 (5.5)
.	        0 (0.0)	        0 (0.0)	        0 (0.0)	        0 (0.0)

Immunosuppressed (combination algorithm)
0	  2451504 (99.5)	  1917999 (99.5)	   50,272 (99.2)	  483,233 (99.5)
1	   12,203 (0.5)	    9,285 (0.5)	      416 (0.8)	    2,502 (0.5)
.	        0 (0.0)	        0 (0.0)	        0 (0.0)	        0 (0.0)

Chronic kidney disease
0	  2394495 (97.2)	  1875642 (97.3)	   47,970 (94.6)	  470,883 (96.9)
1	   69,212 (2.8)	   51,642 (2.7)	    2,718 (5.4)	   14,852 (3.1)
.	        0 (0.0)	        0 (0.0)	        0 (0.0)	        0 (0.0)

Osteoarthritis
0	  1933077 (78.5)	  1559330 (80.9)	   30,074 (59.3)	  343,673 (70.8)
1	  530,630 (21.5)	  367,954 (19.1)	   20,614 (40.7)	  142,062 (29.2)
.	        0 (0.0)	        0 (0.0)	        0 (0.0)	        0 (0.0)

Rheumatoid arthritis
0	  2413491 (98.0)	  1898594 (98.5)	   48,503 (95.7)	  466,394 (96.0)
1	   50,216 (2.0)	   28,690 (1.5)	    2,185 (4.3)	   19,341 (4.0)
.	        0 (0.0)	        0 (0.0)	        0 (0.0)	        0 (0.0)

Flu vaccine
0	  1866242 (75.7)	  1491901 (77.4)	   26,933 (53.1)	  347,408 (71.5)
1	  597,465 (24.3)	  435,383 (22.6)	   23,755 (46.9)	  138,327 (28.5)
.	        0 (0.0)	        0 (0.0)	        0 (0.0)	        0 (0.0)

Pneumococcal Vaccine
0	  2302341 (93.5)	  1810820 (94.0)	   44,764 (88.3)	  446,757 (92.0)
1	  161,366 (6.5)	  116,464 (6.0)	    5,924 (11.7)	   38,978 (8.0)
.	        0 (0.0)	        0 (0.0)	        0 (0.0)	        0 (0.0)

Recent Statin
0	  2153317 (87.4)	  1704063 (88.4)	   38,512 (76.0)	  410,742 (84.6)
1	  310,390 (12.6)	  223,221 (11.6)	   12,176 (24.0)	   74,993 (15.4)
.	        0 (0.0)	        0 (0.0)	        0 (0.0)	        0 (0.0)

Recent PPIs
0	  1852507 (75.2)	  1658350 (86.0)	   17,723 (35.0)	  176,434 (36.3)
1	  611,200 (24.8)	  268,934 (14.0)	   32,965 (65.0)	  309,301 (63.7)
.	        0 (0.0)	        0 (0.0)	        0 (0.0)	        0 (0.0)

Recent oral prednisolone
0	  2408542 (97.8)	  1888203 (98.0)	   48,754 (96.2)	  471,585 (97.1)
1	   55,165 (2.2)	   39,081 (2.0)	    1,934 (3.8)	   14,150 (2.9)
.	        0 (0.0)	        0 (0.0)	        0 (0.0)	        0 (0.0)

Recent hydroxychloroquine
0	  2448953 (99.4)	  1919210 (99.6)	   50,075 (98.8)	  479,668 (98.8)
1	   14,754 (0.6)	    8,074 (0.4)	      613 (1.2)	    6,067 (1.2)
.	        0 (0.0)	        0 (0.0)	        0 (0.0)	        0 (0.0)

Recent Other DMARDs use
0	  2426080 (98.5)	  1906514 (98.9)	   49,123 (96.9)	  470,443 (96.9)
1	   37,627 (1.5)	   20,770 (1.1)	    1,565 (3.1)	   15,292 (3.1)
.	        0 (0.0)	        0 (0.0)	        0 (0.0)	        0 (0.0)

GP consultation in last year (binary)
0	  231,601 (9.4)	  216,450 (11.2)	    1,942 (3.8)	   13,209 (2.7)
1	  2232106 (90.6)	  1710834 (88.8)	   48,746 (96.2)	  472,526 (97.3)
.	        0 (0.0)	        0 (0.0)	        0 (0.0)	        0 (0.0)

A&E attendance rate in last year (binary)
0	  1954833 (79.3)	  1539679 (79.9)	   39,517 (78.0)	  375,637 (77.3)
1	  508,874 (20.7)	  387,605 (20.1)	   11,171 (22.0)	  110,098 (22.7)
.	        0 (0.0)	        0 (0.0)	        0 (0.0)	        0 (0.0)



GP consultation count
Median (IQR)	6 (2-11)	5 (2-10)	8 (4-13)	7 (4-13)
Min, Max	0, 626	0, 626	0, 576	0, 565
Age (years)
Median (IQR)	50 (37-61)	49 (36-60)	61 (49-71)	52 (41-63)
Min, Max	18, 110	18, 110	18, 103	18, 101
A&E attendance count
Median (IQR)	0 (0-0)	0 (0-0)	0 (0-0)	0 (0-0)
Min, Max	0, 152	0, 118	0, 67	0, 152
Number of days (follow-up) for ONS covid death
Median (IQR)	105 (105-105)	105 (105-105)	105 (105-105)	105 (105-105)
Min, Max	1, 105	1, 105	2, 105	1, 105
