Table 1: Demographic and Clinical Characteristics - nsaid
	Total	non-current NSAID use	current NSAID use

1	  2459631 (100.0)	  1924112 (100.0)	  535,519 (100.0)

Grouped age
1	  712,076 (29.0)	  596,598 (31.0)	  115,478 (21.6)
2	  499,076 (20.3)	  396,277 (20.6)	  102,799 (19.2)
3	  556,474 (22.6)	  423,586 (22.0)	  132,888 (24.8)
4	  389,787 (15.8)	  283,618 (14.7)	  106,169 (19.8)
5	  231,482 (9.4)	  169,291 (8.8)	   62,191 (11.6)
6	   70,736 (2.9)	   54,742 (2.8)	   15,994 (3.0)

Male
0	  1408530 (57.3)	  1091686 (56.7)	  316,844 (59.2)
1	  1051101 (42.7)	  832,426 (43.3)	  218,675 (40.8)

Grouped BMI
1	   32,192 (1.3)	   26,253 (1.4)	    5,939 (1.1)
2	  597,462 (24.3)	  483,178 (25.1)	  114,284 (21.3)
3	  734,785 (29.9)	  575,673 (29.9)	  159,112 (29.7)
4	  437,792 (17.8)	  331,810 (17.2)	  105,982 (19.8)
5	  187,517 (7.6)	  137,269 (7.1)	   50,248 (9.4)
6	  100,817 (4.1)	   70,666 (3.7)	   30,151 (5.6)
.	  369,066 (15.0)	  299,263 (15.6)	   69,803 (13.0)

Smoking status
1	  1058935 (43.1)	  839,216 (43.6)	  219,719 (41.0)
2	  872,555 (35.5)	  665,180 (34.6)	  207,375 (38.7)
3	  491,374 (20.0)	  388,411 (20.2)	  102,963 (19.2)
.	   36,767 (1.5)	   31,305 (1.6)	    5,462 (1.0)

Smoking status (missing set to non)
1	  1095702 (44.5)	  870,521 (45.2)	  225,181 (42.0)
2	  872,555 (35.5)	  665,180 (34.6)	  207,375 (38.7)
3	  491,374 (20.0)	  388,411 (20.2)	  102,963 (19.2)
.	        0 (0.0)	        0 (0.0)	        0 (0.0)

Ethnicity
1	  1585337 (64.5)	  1229885 (63.9)	  355,452 (66.4)
2	   25,084 (1.0)	   20,415 (1.1)	    4,669 (0.9)
3	  184,796 (7.5)	  151,758 (7.9)	   33,038 (6.2)
4	   60,014 (2.4)	   49,486 (2.6)	   10,528 (2.0)
5	   37,137 (1.5)	   30,211 (1.6)	    6,926 (1.3)
.	  567,263 (23.1)	  442,357 (23.0)	  124,906 (23.3)

Index of Multiple Deprivation (IMD)
1	  494,453 (20.1)	  387,314 (20.1)	  107,139 (20.0)
2	  493,976 (20.1)	  385,481 (20.0)	  108,495 (20.3)
3	  488,312 (19.9)	  381,092 (19.8)	  107,220 (20.0)
4	  491,382 (20.0)	  384,666 (20.0)	  106,716 (19.9)
5	  491,508 (20.0)	  385,559 (20.0)	  105,949 (19.8)
.	        0 (0.0)	        0 (0.0)	        0 (0.0)

Diabetes Severity
1	  2222778 (90.4)	  1746996 (90.8)	  475,782 (88.8)
2	  164,340 (6.7)	  122,377 (6.4)	   41,963 (7.8)
3	   66,679 (2.7)	   50,205 (2.6)	   16,474 (3.1)
4	    5,834 (0.2)	    4,534 (0.2)	    1,300 (0.2)
.	        0 (0.0)	        0 (0.0)	        0 (0.0)

Diabetes Severity: group no Hb1AC with uncontrolled DM
1	  2222778 (90.4)	  1746996 (90.8)	  475,782 (88.8)
2	  164,340 (6.7)	  122,377 (6.4)	   41,963 (7.8)
3	   72,513 (2.9)	   54,739 (2.8)	   17,774 (3.3)
.	        0 (0.0)	        0 (0.0)	        0 (0.0)

Rheumatoid arthritis/osteoarthritis/both
0	  1897750 (77.2)	  1537862 (79.9)	  359,888 (67.2)
1	   30,220 (1.2)	   17,494 (0.9)	   12,726 (2.4)
2	  511,820 (20.8)	  357,623 (18.6)	  154,197 (28.8)
3	   19,841 (0.8)	   11,133 (0.6)	    8,708 (1.6)
.	        0 (0.0)	        0 (0.0)	        0 (0.0)

Diagnosed hypertension
0	  1977352 (80.4)	  1569941 (81.6)	  407,411 (76.1)
1	  482,279 (19.6)	  354,171 (18.4)	  128,108 (23.9)
.	        0 (0.0)	        0 (0.0)	        0 (0.0)

Heart Failure
0	  2447723 (99.5)	  1914635 (99.5)	  533,088 (99.5)
1	   11,908 (0.5)	    9,477 (0.5)	    2,431 (0.5)
.	        0 (0.0)	        0 (0.0)	        0 (0.0)

Other Heart Diseases
0	  2422889 (98.5)	  1896101 (98.5)	  526,788 (98.4)
1	   36,742 (1.5)	   28,011 (1.5)	    8,731 (1.6)
.	        0 (0.0)	        0 (0.0)	        0 (0.0)

Diabetes
0	  2222778 (90.4)	  1746996 (90.8)	  475,782 (88.8)
1	  236,853 (9.6)	  177,116 (9.2)	   59,737 (11.2)
.	        0 (0.0)	        0 (0.0)	        0 (0.0)

COPD
0	  2401481 (97.6)	  1881422 (97.8)	  520,059 (97.1)
1	   58,150 (2.4)	   42,690 (2.2)	   15,460 (2.9)
.	        0 (0.0)	        0 (0.0)	        0 (0.0)

Other Respiratory Diseases
0	  2436106 (99.0)	  1906784 (99.1)	  529,322 (98.8)
1	   23,525 (1.0)	   17,328 (0.9)	    6,197 (1.2)
.	        0 (0.0)	        0 (0.0)	        0 (0.0)

Cancer
0	  2332216 (94.8)	  1828841 (95.0)	  503,375 (94.0)
1	  127,415 (5.2)	   95,271 (5.0)	   32,144 (6.0)
.	        0 (0.0)	        0 (0.0)	        0 (0.0)

Immunosuppressed (combination algorithm)
0	  2447478 (99.5)	  1914849 (99.5)	  532,629 (99.5)
1	   12,153 (0.5)	    9,263 (0.5)	    2,890 (0.5)
.	        0 (0.0)	        0 (0.0)	        0 (0.0)

Chronic kidney disease
0	  2390366 (97.2)	  1872415 (97.3)	  517,951 (96.7)
1	   69,265 (2.8)	   51,697 (2.7)	   17,568 (3.3)
.	        0 (0.0)	        0 (0.0)	        0 (0.0)

Osteoarthritis
0	  1927970 (78.4)	  1555356 (80.8)	  372,614 (69.6)
1	  531,661 (21.6)	  368,756 (19.2)	  162,905 (30.4)
.	        0 (0.0)	        0 (0.0)	        0 (0.0)

Rheumatoid arthritis
0	  2409570 (98.0)	  1895485 (98.5)	  514,085 (96.0)
1	   50,061 (2.0)	   28,627 (1.5)	   21,434 (4.0)
.	        0 (0.0)	        0 (0.0)	        0 (0.0)

Flu vaccine
0	  1862745 (75.7)	  1489123 (77.4)	  373,622 (69.8)
1	  596,886 (24.3)	  434,989 (22.6)	  161,897 (30.2)
.	        0 (0.0)	        0 (0.0)	        0 (0.0)

Pneumococcal Vaccine
0	  2298449 (93.4)	  1807738 (94.0)	  490,711 (91.6)
1	  161,182 (6.6)	  116,374 (6.0)	   44,808 (8.4)
.	        0 (0.0)	        0 (0.0)	        0 (0.0)

Recent Statin
0	  2148598 (87.4)	  1700355 (88.4)	  448,243 (83.7)
1	  311,033 (12.6)	  223,757 (11.6)	   87,276 (16.3)
.	        0 (0.0)	        0 (0.0)	        0 (0.0)

Recent PPIs
0	  1848699 (75.2)	  1655305 (86.0)	  193,394 (36.1)
1	  610,932 (24.8)	  268,807 (14.0)	  342,125 (63.9)
.	        0 (0.0)	        0 (0.0)	        0 (0.0)

Recent oral prednisolone
0	  2404603 (97.8)	  1885123 (98.0)	  519,480 (97.0)
1	   55,028 (2.2)	   38,989 (2.0)	   16,039 (3.0)
.	        0 (0.0)	        0 (0.0)	        0 (0.0)

Recent hydroxychloroquine
0	  2444882 (99.4)	  1916036 (99.6)	  528,846 (98.8)
1	   14,749 (0.6)	    8,076 (0.4)	    6,673 (1.2)
.	        0 (0.0)	        0 (0.0)	        0 (0.0)

Recent Other DMARDs use
0	  2422102 (98.5)	  1903370 (98.9)	  518,732 (96.9)
1	   37,529 (1.5)	   20,742 (1.1)	   16,787 (3.1)
.	        0 (0.0)	        0 (0.0)	        0 (0.0)

GP consultation in last year (binary)
0	  216,221 (8.8)	  204,798 (10.6)	   11,423 (2.1)
1	  2243410 (91.2)	  1719314 (89.4)	  524,096 (97.9)
.	        0 (0.0)	        0 (0.0)	        0 (0.0)

A&E attendance rate in last year (binary)
0	  1981939 (80.6)	  1560427 (81.1)	  421,512 (78.7)
1	  477,692 (19.4)	  363,685 (18.9)	  114,007 (21.3)
.	        0 (0.0)	        0 (0.0)	        0 (0.0)



GP consultation count
Median (IQR)	6 (3-11)	5 (2-10)	8 (4-13)
Min, Max	0, 626	0, 626	0, 576
Age (years)
Median (IQR)	50 (37-61)	49 (36-60)	53 (42-64)
Min, Max	18, 110	18, 110	18, 103
A&E attendance count
Median (IQR)	0 (0-0)	0 (0-0)	0 (0-0)
Min, Max	0, 153	0, 127	0, 153
Number of days (follow-up) for ONS covid death
Median (IQR)	105 (105-105)	105 (105-105)	105 (105-105)
Min, Max	1, 105	1, 105	1, 105
