Table 12: Demographic and Clinical Characteristics - Rheumatoid_arthritis_&_osteoarthritis
	Total	no current use of NSAIDs	Cox-2 specific NSAIDs	Other specific NSAIDs

1	  1711052 (100.0)	  1535421 (100.0)	   12,538 (100.0)	  163,093 (100.0)

Grouped age
1	   37,340 (2.2)	   32,939 (2.1)	      458 (3.7)	    3,943 (2.4)
2	  113,700 (6.6)	   97,892 (6.4)	    1,310 (10.4)	   14,498 (8.9)
3	  338,009 (19.8)	  292,583 (19.1)	    3,144 (25.1)	   42,282 (25.9)
4	  474,119 (27.7)	  417,085 (27.2)	    3,810 (30.4)	   53,224 (32.6)
5	  478,490 (28.0)	  437,103 (28.5)	    2,897 (23.1)	   38,490 (23.6)
6	  269,394 (15.7)	  257,819 (16.8)	      919 (7.3)	   10,656 (6.5)

Male
0	  1063481 (62.2)	  952,830 (62.1)	    8,714 (69.5)	  101,937 (62.5)
1	  647,571 (37.8)	  582,591 (37.9)	    3,824 (30.5)	   61,156 (37.5)

Grouped BMI
1	   20,172 (1.2)	   18,953 (1.2)	      117 (0.9)	    1,102 (0.7)
2	  408,981 (23.9)	  377,596 (24.6)	    2,519 (20.1)	   28,866 (17.7)
3	  575,414 (33.6)	  520,008 (33.9)	    3,935 (31.4)	   51,471 (31.6)
4	  339,855 (19.9)	  299,254 (19.5)	    2,737 (21.8)	   37,864 (23.2)
5	  139,871 (8.2)	  119,714 (7.8)	    1,437 (11.5)	   18,720 (11.5)
6	   70,964 (4.1)	   58,615 (3.8)	      839 (6.7)	   11,510 (7.1)
.	  155,795 (9.1)	  141,281 (9.2)	      954 (7.6)	   13,560 (8.3)

Smoking status
1	  742,807 (43.4)	  672,558 (43.8)	    4,932 (39.3)	   65,317 (40.0)
2	  775,527 (45.3)	  694,377 (45.2)	    5,888 (47.0)	   75,262 (46.1)
3	  188,691 (11.0)	  164,760 (10.7)	    1,699 (13.6)	   22,232 (13.6)
.	    4,027 (0.2)	    3,726 (0.2)	       19 (0.2)	      282 (0.2)

Smoking status (missing set to non)
1	  746,834 (43.6)	  676,284 (44.0)	    4,951 (39.5)	   65,599 (40.2)
2	  775,527 (45.3)	  694,377 (45.2)	    5,888 (47.0)	   75,262 (46.1)
3	  188,691 (11.0)	  164,760 (10.7)	    1,699 (13.6)	   22,232 (13.6)
.	        0 (0.0)	        0 (0.0)	        0 (0.0)	        0 (0.0)

Ethnicity
1	  1212799 (70.9)	  1088418 (70.9)	    8,867 (70.7)	  115,514 (70.8)
2	    7,358 (0.4)	    6,536 (0.4)	       36 (0.3)	      786 (0.5)
3	   58,839 (3.4)	   51,832 (3.4)	      433 (3.5)	    6,574 (4.0)
4	   19,717 (1.2)	   17,623 (1.1)	      100 (0.8)	    1,994 (1.2)
5	   12,103 (0.7)	   10,867 (0.7)	       95 (0.8)	    1,141 (0.7)
.	  400,236 (23.4)	  360,145 (23.5)	    3,007 (24.0)	   37,084 (22.7)

Index of Multiple Deprivation (IMD)
1	  343,548 (20.1)	  312,861 (20.4)	    2,300 (18.3)	   28,387 (17.4)
2	  341,410 (20.0)	  308,559 (20.1)	    2,401 (19.1)	   30,450 (18.7)
3	  342,074 (20.0)	  307,577 (20.0)	    2,586 (20.6)	   31,911 (19.6)
4	  346,439 (20.2)	  309,012 (20.1)	    2,627 (21.0)	   34,800 (21.3)
5	  337,581 (19.7)	  297,412 (19.4)	    2,624 (20.9)	   37,545 (23.0)
.	        0 (0.0)	        0 (0.0)	        0 (0.0)	        0 (0.0)

Diabetes Severity
1	  1445458 (84.5)	  1296012 (84.4)	   10,761 (85.8)	  138,685 (85.0)
2	  196,650 (11.5)	  177,181 (11.5)	    1,327 (10.6)	   18,142 (11.1)
3	   64,852 (3.8)	   58,553 (3.8)	      411 (3.3)	    5,888 (3.6)
4	    4,092 (0.2)	    3,675 (0.2)	       39 (0.3)	      378 (0.2)
.	        0 (0.0)	        0 (0.0)	        0 (0.0)	        0 (0.0)

Diabetes Severity: group no Hb1AC with uncontrolled DM
1	  1445458 (84.5)	  1296012 (84.4)	   10,761 (85.8)	  138,685 (85.0)
2	  196,650 (11.5)	  177,181 (11.5)	    1,327 (10.6)	   18,142 (11.1)
3	   68,944 (4.0)	   62,228 (4.1)	      450 (3.6)	    6,266 (3.8)
.	        0 (0.0)	        0 (0.0)	        0 (0.0)	        0 (0.0)

Rheumatoid arthritis/osteoarthritis/both
.	        0 (0.0)	        0 (0.0)	        0 (0.0)	        0 (0.0)
1	   71,933 (4.2)	   59,207 (3.9)	    1,803 (14.4)	   10,923 (6.7)
2	  1594767 (93.2)	  1440570 (93.8)	    9,353 (74.6)	  144,844 (88.8)
3	   44,352 (2.6)	   35,644 (2.3)	    1,382 (11.0)	    7,326 (4.5)
.	        0 (0.0)	        0 (0.0)	        0 (0.0)	        0 (0.0)

Diagnosed hypertension
0	  1017952 (59.5)	  908,558 (59.2)	    7,738 (61.7)	  101,656 (62.3)
1	  693,100 (40.5)	  626,863 (40.8)	    4,800 (38.3)	   61,437 (37.7)
.	        0 (0.0)	        0 (0.0)	        0 (0.0)	        0 (0.0)

Heart Failure
0	  1672725 (97.8)	  1498506 (97.6)	   12,411 (99.0)	  161,808 (99.2)
1	   38,327 (2.2)	   36,915 (2.4)	      127 (1.0)	    1,285 (0.8)
.	        0 (0.0)	        0 (0.0)	        0 (0.0)	        0 (0.0)

Other Heart Diseases
0	  1648669 (96.4)	  1477251 (96.2)	   12,206 (97.4)	  159,212 (97.6)
1	   62,383 (3.6)	   58,170 (3.8)	      332 (2.6)	    3,881 (2.4)
.	        0 (0.0)	        0 (0.0)	        0 (0.0)	        0 (0.0)

Diabetes
0	  1445458 (84.5)	  1296012 (84.4)	   10,761 (85.8)	  138,685 (85.0)
1	  265,594 (15.5)	  239,409 (15.6)	    1,777 (14.2)	   24,408 (15.0)
.	        0 (0.0)	        0 (0.0)	        0 (0.0)	        0 (0.0)

COPD
0	  1616460 (94.5)	  1449228 (94.4)	   11,870 (94.7)	  155,362 (95.3)
1	   94,592 (5.5)	   86,193 (5.6)	      668 (5.3)	    7,731 (4.7)
.	        0 (0.0)	        0 (0.0)	        0 (0.0)	        0 (0.0)

Other Respiratory Diseases
0	  1669262 (97.6)	  1497061 (97.5)	   12,196 (97.3)	  160,005 (98.1)
1	   41,790 (2.4)	   38,360 (2.5)	      342 (2.7)	    3,088 (1.9)
.	        0 (0.0)	        0 (0.0)	        0 (0.0)	        0 (0.0)

Cancer
0	  1520229 (88.8)	  1360582 (88.6)	   11,384 (90.8)	  148,263 (90.9)
1	  190,823 (11.2)	  174,839 (11.4)	    1,154 (9.2)	   14,830 (9.1)
.	        0 (0.0)	        0 (0.0)	        0 (0.0)	        0 (0.0)

Immunosuppressed (combination algorithm)
0	  1701562 (99.4)	  1526925 (99.4)	   12,438 (99.2)	  162,199 (99.5)
1	    9,490 (0.6)	    8,496 (0.6)	      100 (0.8)	      894 (0.5)
.	        0 (0.0)	        0 (0.0)	        0 (0.0)	        0 (0.0)

Chronic kidney disease
0	  1534610 (89.7)	  1370151 (89.2)	   11,449 (91.3)	  153,010 (93.8)
1	  176,442 (10.3)	  165,270 (10.8)	    1,089 (8.7)	   10,083 (6.2)
.	        0 (0.0)	        0 (0.0)	        0 (0.0)	        0 (0.0)

Osteoarthritis
0	   71,933 (4.2)	   59,207 (3.9)	    1,803 (14.4)	   10,923 (6.7)
1	  1639119 (95.8)	  1476214 (96.1)	   10,735 (85.6)	  152,170 (93.3)
.	        0 (0.0)	        0 (0.0)	        0 (0.0)	        0 (0.0)

Rheumatoid arthritis
0	  1594767 (93.2)	  1440570 (93.8)	    9,353 (74.6)	  144,844 (88.8)
1	  116,285 (6.8)	   94,851 (6.2)	    3,185 (25.4)	   18,249 (11.2)
.	        0 (0.0)	        0 (0.0)	        0 (0.0)	        0 (0.0)

Flu vaccine
0	  817,461 (47.8)	  728,389 (47.4)	    5,652 (45.1)	   83,420 (51.1)
1	  893,591 (52.2)	  807,032 (52.6)	    6,886 (54.9)	   79,673 (48.9)
.	        0 (0.0)	        0 (0.0)	        0 (0.0)	        0 (0.0)

Pneumococcal Vaccine
0	  1493236 (87.3)	  1342306 (87.4)	   10,473 (83.5)	  140,457 (86.1)
1	  217,816 (12.7)	  193,115 (12.6)	    2,065 (16.5)	   22,636 (13.9)
.	        0 (0.0)	        0 (0.0)	        0 (0.0)	        0 (0.0)

Recent Statin
0	  1247073 (72.9)	  1118603 (72.9)	    9,288 (74.1)	  119,182 (73.1)
1	  463,979 (27.1)	  416,818 (27.1)	    3,250 (25.9)	   43,911 (26.9)
.	        0 (0.0)	        0 (0.0)	        0 (0.0)	        0 (0.0)

Recent PPIs
0	  1201449 (70.2)	  1163241 (75.8)	    3,512 (28.0)	   34,696 (21.3)
1	  509,603 (29.8)	  372,180 (24.2)	    9,026 (72.0)	  128,397 (78.7)
.	        0 (0.0)	        0 (0.0)	        0 (0.0)	        0 (0.0)

Recent oral prednisolone
0	  1641510 (95.9)	  1474116 (96.0)	   11,573 (92.3)	  155,821 (95.5)
1	   69,542 (4.1)	   61,305 (4.0)	      965 (7.7)	    7,272 (4.5)
.	        0 (0.0)	        0 (0.0)	        0 (0.0)	        0 (0.0)

Recent hydroxychloroquine
0	  1689133 (98.7)	  1518606 (98.9)	   11,755 (93.8)	  158,772 (97.4)
1	   21,919 (1.3)	   16,815 (1.1)	      783 (6.2)	    4,321 (2.6)
.	        0 (0.0)	        0 (0.0)	        0 (0.0)	        0 (0.0)

Recent Other DMARDs use
0	  1649601 (96.4)	  1486669 (96.8)	   10,531 (84.0)	  152,401 (93.4)
1	   61,451 (3.6)	   48,752 (3.2)	    2,007 (16.0)	   10,692 (6.6)
.	        0 (0.0)	        0 (0.0)	        0 (0.0)	        0 (0.0)

GP consultation in last year (binary)
0	  121,609 (7.1)	  118,191 (7.7)	      208 (1.7)	    3,210 (2.0)
1	  1589443 (92.9)	  1417230 (92.3)	   12,330 (98.3)	  159,883 (98.0)
.	        0 (0.0)	        0 (0.0)	        0 (0.0)	        0 (0.0)

A&E attendance rate in last year (binary)
0	  1421183 (83.1)	  1278522 (83.3)	   10,058 (80.2)	  132,603 (81.3)
1	  289,869 (16.9)	  256,899 (16.7)	    2,480 (19.8)	   30,490 (18.7)
.	        0 (0.0)	        0 (0.0)	        0 (0.0)	        0 (0.0)



GP consultation count
Median (IQR)	7 (3-12)	6 (3-11)	10 (6-16)	8 (5-14)
Min, Max	0, 585	0, 585	0, 225	0, 360
Age (years)
Median (IQR)	67 (58-75)	68 (58-76)	63 (54-71)	63 (55-71)
Min, Max	18, 110	18, 110	19, 100	18, 103
A&E attendance count
Median (IQR)	0 (0-0)	0 (0-0)	0 (0-0)	0 (0-0)
Min, Max	0, 77	0, 77	0, 26	0, 59
Number of days (follow-up) for ONS covid death
Median (IQR)	105 (105-105)	105 (105-105)	105 (105-105)	105 (105-105)
Min, Max	1, 105	1, 105	4, 105	1, 105
