Table 16: Demographic and Clinical Characteristics - Rheumatoid_arthritis_&_osteoarthritis
	Total	no current use of NSAIDs	ibuprofen	other NSAIDs

1	  1711052 (100.0)	  1535421 (100.0)	   21,893 (100.0)	  153,738 (100.0)

Grouped age
1	   37,340 (2.2)	   32,939 (2.1)	      317 (1.4)	    4,084 (2.7)
2	  113,700 (6.6)	   97,892 (6.4)	    1,095 (5.0)	   14,713 (9.6)
3	  338,009 (19.8)	  292,583 (19.1)	    3,686 (16.8)	   41,740 (27.2)
4	  474,119 (27.7)	  417,085 (27.2)	    6,742 (30.8)	   50,292 (32.7)
5	  478,490 (28.0)	  437,103 (28.5)	    7,246 (33.1)	   34,141 (22.2)
6	  269,394 (15.7)	  257,819 (16.8)	    2,807 (12.8)	    8,768 (5.7)

Male
0	  1063481 (62.2)	  952,830 (62.1)	   14,429 (65.9)	   96,222 (62.6)
1	  647,571 (37.8)	  582,591 (37.9)	    7,464 (34.1)	   57,516 (37.4)

Grouped BMI
1	   20,172 (1.2)	   18,953 (1.2)	      227 (1.0)	      992 (0.6)
2	  408,981 (23.9)	  377,596 (24.6)	    4,267 (19.5)	   27,118 (17.6)
3	  575,414 (33.6)	  520,008 (33.9)	    6,996 (32.0)	   48,410 (31.5)
4	  339,855 (19.9)	  299,254 (19.5)	    4,890 (22.3)	   35,711 (23.2)
5	  139,871 (8.2)	  119,714 (7.8)	    2,359 (10.8)	   17,798 (11.6)
6	   70,964 (4.1)	   58,615 (3.8)	    1,398 (6.4)	   10,951 (7.1)
.	  155,795 (9.1)	  141,281 (9.2)	    1,756 (8.0)	   12,758 (8.3)

Smoking status
1	  742,807 (43.4)	  672,558 (43.8)	    8,701 (39.7)	   61,548 (40.0)
2	  775,527 (45.3)	  694,377 (45.2)	   10,370 (47.4)	   70,780 (46.0)
3	  188,691 (11.0)	  164,760 (10.7)	    2,787 (12.7)	   21,144 (13.8)
.	    4,027 (0.2)	    3,726 (0.2)	       35 (0.2)	      266 (0.2)

Smoking status (missing set to non)
1	  746,834 (43.6)	  676,284 (44.0)	    8,736 (39.9)	   61,814 (40.2)
2	  775,527 (45.3)	  694,377 (45.2)	   10,370 (47.4)	   70,780 (46.0)
3	  188,691 (11.0)	  164,760 (10.7)	    2,787 (12.7)	   21,144 (13.8)
.	        0 (0.0)	        0 (0.0)	        0 (0.0)	        0 (0.0)

Ethnicity
1	  1212799 (70.9)	  1088418 (70.9)	   15,405 (70.4)	  108,976 (70.9)
2	    7,358 (0.4)	    6,536 (0.4)	       82 (0.4)	      740 (0.5)
3	   58,839 (3.4)	   51,832 (3.4)	      876 (4.0)	    6,131 (4.0)
4	   19,717 (1.2)	   17,623 (1.1)	      179 (0.8)	    1,915 (1.2)
5	   12,103 (0.7)	   10,867 (0.7)	      142 (0.6)	    1,094 (0.7)
.	  400,236 (23.4)	  360,145 (23.5)	    5,209 (23.8)	   34,882 (22.7)

Index of Multiple Deprivation (IMD)
1	  343,548 (20.1)	  312,861 (20.4)	    3,816 (17.4)	   26,871 (17.5)
2	  341,410 (20.0)	  308,559 (20.1)	    4,003 (18.3)	   28,848 (18.8)
3	  342,074 (20.0)	  307,577 (20.0)	    4,469 (20.4)	   30,028 (19.5)
4	  346,439 (20.2)	  309,012 (20.1)	    4,729 (21.6)	   32,698 (21.3)
5	  337,581 (19.7)	  297,412 (19.4)	    4,876 (22.3)	   35,293 (23.0)
.	        0 (0.0)	        0 (0.0)	        0 (0.0)	        0 (0.0)

Diabetes Severity
1	  1445458 (84.5)	  1296012 (84.4)	   18,226 (83.3)	  131,220 (85.4)
2	  196,650 (11.5)	  177,181 (11.5)	    2,695 (12.3)	   16,774 (10.9)
3	   64,852 (3.8)	   58,553 (3.8)	      924 (4.2)	    5,375 (3.5)
4	    4,092 (0.2)	    3,675 (0.2)	       48 (0.2)	      369 (0.2)
.	        0 (0.0)	        0 (0.0)	        0 (0.0)	        0 (0.0)

Diabetes Severity: group no Hb1AC with uncontrolled DM
1	  1445458 (84.5)	  1296012 (84.4)	   18,226 (83.3)	  131,220 (85.4)
2	  196,650 (11.5)	  177,181 (11.5)	    2,695 (12.3)	   16,774 (10.9)
3	   68,944 (4.0)	   62,228 (4.1)	      972 (4.4)	    5,744 (3.7)
.	        0 (0.0)	        0 (0.0)	        0 (0.0)	        0 (0.0)

Rheumatoid arthritis/osteoarthritis/both
.	        0 (0.0)	        0 (0.0)	        0 (0.0)	        0 (0.0)
1	   71,933 (4.2)	   59,207 (3.9)	    1,252 (5.7)	   11,474 (7.5)
2	  1594767 (93.2)	  1440570 (93.8)	   19,714 (90.0)	  134,483 (87.5)
3	   44,352 (2.6)	   35,644 (2.3)	      927 (4.2)	    7,781 (5.1)
.	        0 (0.0)	        0 (0.0)	        0 (0.0)	        0 (0.0)

Diagnosed hypertension
0	  1017952 (59.5)	  908,558 (59.2)	   12,685 (57.9)	   96,709 (62.9)
1	  693,100 (40.5)	  626,863 (40.8)	    9,208 (42.1)	   57,029 (37.1)
.	        0 (0.0)	        0 (0.0)	        0 (0.0)	        0 (0.0)

Heart Failure
0	  1672725 (97.8)	  1498506 (97.6)	   21,648 (98.9)	  152,571 (99.2)
1	   38,327 (2.2)	   36,915 (2.4)	      245 (1.1)	    1,167 (0.8)
.	        0 (0.0)	        0 (0.0)	        0 (0.0)	        0 (0.0)

Other Heart Diseases
0	  1648669 (96.4)	  1477251 (96.2)	   21,293 (97.3)	  150,125 (97.6)
1	   62,383 (3.6)	   58,170 (3.8)	      600 (2.7)	    3,613 (2.4)
.	        0 (0.0)	        0 (0.0)	        0 (0.0)	        0 (0.0)

Diabetes
0	  1445458 (84.5)	  1296012 (84.4)	   18,226 (83.3)	  131,220 (85.4)
1	  265,594 (15.5)	  239,409 (15.6)	    3,667 (16.7)	   22,518 (14.6)
.	        0 (0.0)	        0 (0.0)	        0 (0.0)	        0 (0.0)

COPD
0	  1616460 (94.5)	  1449228 (94.4)	   20,595 (94.1)	  146,637 (95.4)
1	   94,592 (5.5)	   86,193 (5.6)	    1,298 (5.9)	    7,101 (4.6)
.	        0 (0.0)	        0 (0.0)	        0 (0.0)	        0 (0.0)

Other Respiratory Diseases
0	  1669262 (97.6)	  1497061 (97.5)	   21,338 (97.5)	  150,863 (98.1)
1	   41,790 (2.4)	   38,360 (2.5)	      555 (2.5)	    2,875 (1.9)
.	        0 (0.0)	        0 (0.0)	        0 (0.0)	        0 (0.0)

Cancer
0	  1520229 (88.8)	  1360582 (88.6)	   19,147 (87.5)	  140,500 (91.4)
1	  190,823 (11.2)	  174,839 (11.4)	    2,746 (12.5)	   13,238 (8.6)
.	        0 (0.0)	        0 (0.0)	        0 (0.0)	        0 (0.0)

Immunosuppressed (combination algorithm)
0	  1701562 (99.4)	  1526925 (99.4)	   21,761 (99.4)	  152,876 (99.4)
1	    9,490 (0.6)	    8,496 (0.6)	      132 (0.6)	      862 (0.6)
.	        0 (0.0)	        0 (0.0)	        0 (0.0)	        0 (0.0)

Chronic kidney disease
0	  1534610 (89.7)	  1370151 (89.2)	   20,129 (91.9)	  144,330 (93.9)
1	  176,442 (10.3)	  165,270 (10.8)	    1,764 (8.1)	    9,408 (6.1)
.	        0 (0.0)	        0 (0.0)	        0 (0.0)	        0 (0.0)

Osteoarthritis
0	   71,933 (4.2)	   59,207 (3.9)	    1,252 (5.7)	   11,474 (7.5)
1	  1639119 (95.8)	  1476214 (96.1)	   20,641 (94.3)	  142,264 (92.5)
.	        0 (0.0)	        0 (0.0)	        0 (0.0)	        0 (0.0)

Rheumatoid arthritis
0	  1594767 (93.2)	  1440570 (93.8)	   19,714 (90.0)	  134,483 (87.5)
1	  116,285 (6.8)	   94,851 (6.2)	    2,179 (10.0)	   19,255 (12.5)
.	        0 (0.0)	        0 (0.0)	        0 (0.0)	        0 (0.0)

Flu vaccine
0	  817,461 (47.8)	  728,389 (47.4)	    8,770 (40.1)	   80,302 (52.2)
1	  893,591 (52.2)	  807,032 (52.6)	   13,123 (59.9)	   73,436 (47.8)
.	        0 (0.0)	        0 (0.0)	        0 (0.0)	        0 (0.0)

Pneumococcal Vaccine
0	  1493236 (87.3)	  1342306 (87.4)	   18,556 (84.8)	  132,374 (86.1)
1	  217,816 (12.7)	  193,115 (12.6)	    3,337 (15.2)	   21,364 (13.9)
.	        0 (0.0)	        0 (0.0)	        0 (0.0)	        0 (0.0)

Recent Statin
0	  1247073 (72.9)	  1118603 (72.9)	   15,016 (68.6)	  113,454 (73.8)
1	  463,979 (27.1)	  416,818 (27.1)	    6,877 (31.4)	   40,284 (26.2)
.	        0 (0.0)	        0 (0.0)	        0 (0.0)	        0 (0.0)

Recent PPIs
0	  1201449 (70.2)	  1163241 (75.8)	    5,505 (25.1)	   32,703 (21.3)
1	  509,603 (29.8)	  372,180 (24.2)	   16,388 (74.9)	  121,035 (78.7)
.	        0 (0.0)	        0 (0.0)	        0 (0.0)	        0 (0.0)

Recent oral prednisolone
0	  1641510 (95.9)	  1474116 (96.0)	   20,792 (95.0)	  146,602 (95.4)
1	   69,542 (4.1)	   61,305 (4.0)	    1,101 (5.0)	    7,136 (4.6)
.	        0 (0.0)	        0 (0.0)	        0 (0.0)	        0 (0.0)

Recent hydroxychloroquine
0	  1689133 (98.7)	  1518606 (98.9)	   21,416 (97.8)	  149,111 (97.0)
1	   21,919 (1.3)	   16,815 (1.1)	      477 (2.2)	    4,627 (3.0)
.	        0 (0.0)	        0 (0.0)	        0 (0.0)	        0 (0.0)

Recent Other DMARDs use
0	  1649601 (96.4)	  1486669 (96.8)	   20,673 (94.4)	  142,259 (92.5)
1	   61,451 (3.6)	   48,752 (3.2)	    1,220 (5.6)	   11,479 (7.5)
.	        0 (0.0)	        0 (0.0)	        0 (0.0)	        0 (0.0)

GP consultation in last year (binary)
0	  121,609 (7.1)	  118,191 (7.7)	      537 (2.5)	    2,881 (1.9)
1	  1589443 (92.9)	  1417230 (92.3)	   21,356 (97.5)	  150,857 (98.1)
.	        0 (0.0)	        0 (0.0)	        0 (0.0)	        0 (0.0)

A&E attendance rate in last year (binary)
0	  1421183 (83.1)	  1278522 (83.3)	   17,882 (81.7)	  124,779 (81.2)
1	  289,869 (16.9)	  256,899 (16.7)	    4,011 (18.3)	   28,959 (18.8)
.	        0 (0.0)	        0 (0.0)	        0 (0.0)	        0 (0.0)



GP consultation count
Median (IQR)	7 (3-12)	6 (3-11)	8 (5-14)	9 (5-14)
Min, Max	0, 585	0, 585	0, 260	0, 360
Age (years)
Median (IQR)	67 (58-75)	68 (58-76)	68 (60-75)	63 (55-71)
Min, Max	18, 110	18, 110	18, 103	18, 101
A&E attendance count
Median (IQR)	0 (0-0)	0 (0-0)	0 (0-0)	0 (0-0)
Min, Max	0, 77	0, 77	0, 59	0, 39
Number of days (follow-up) for ONS covid death
Median (IQR)	105 (105-105)	105 (105-105)	105 (105-105)	105 (105-105)
Min, Max	1, 105	1, 105	2, 105	1, 105
