Table 8: Demographic and Clinical Characteristics - Rheumatoid_arthritis_&_osteoarthritis
	Total	no current use of NSAIDs	low dose naproxen	high dose naproxen	other NSAIDs

1	  1711052 (100.0)	  1535421 (100.0)	   36,118 (100.0)	   82,438 (100.0)	   57,075 (100.0)

Grouped age
1	   37,340 (2.2)	   32,939 (2.1)	      741 (2.1)	    2,379 (2.9)	    1,281 (2.2)
2	  113,700 (6.6)	   97,892 (6.4)	    2,701 (7.5)	    8,931 (10.8)	    4,176 (7.3)
3	  338,009 (19.8)	  292,583 (19.1)	    8,130 (22.5)	   25,488 (30.9)	   11,808 (20.7)
4	  474,119 (27.7)	  417,085 (27.2)	   11,928 (33.0)	   27,445 (33.3)	   17,661 (30.9)
5	  478,490 (28.0)	  437,103 (28.5)	    9,569 (26.5)	   15,346 (18.6)	   16,472 (28.9)
6	  269,394 (15.7)	  257,819 (16.8)	    3,049 (8.4)	    2,849 (3.5)	    5,677 (9.9)

Male
0	  1063481 (62.2)	  952,830 (62.1)	   23,946 (66.3)	   48,643 (59.0)	   38,062 (66.7)
1	  647,571 (37.8)	  582,591 (37.9)	   12,172 (33.7)	   33,795 (41.0)	   19,013 (33.3)

Grouped BMI
1	   20,172 (1.2)	   18,953 (1.2)	      261 (0.7)	      417 (0.5)	      541 (0.9)
2	  408,981 (23.9)	  377,596 (24.6)	    6,869 (19.0)	   13,422 (16.3)	   11,094 (19.4)
3	  575,414 (33.6)	  520,008 (33.9)	   11,779 (32.6)	   25,785 (31.3)	   17,842 (31.3)
4	  339,855 (19.9)	  299,254 (19.5)	    8,284 (22.9)	   19,636 (23.8)	   12,681 (22.2)
5	  139,871 (8.2)	  119,714 (7.8)	    3,936 (10.9)	    9,855 (12.0)	    6,366 (11.2)
6	   70,964 (4.1)	   58,615 (3.8)	    2,288 (6.3)	    6,249 (7.6)	    3,812 (6.7)
.	  155,795 (9.1)	  141,281 (9.2)	    2,701 (7.5)	    7,074 (8.6)	    4,739 (8.3)

Smoking status
1	  742,807 (43.4)	  672,558 (43.8)	   14,950 (41.4)	   32,452 (39.4)	   22,847 (40.0)
2	  775,527 (45.3)	  694,377 (45.2)	   16,703 (46.2)	   37,541 (45.5)	   26,906 (47.1)
3	  188,691 (11.0)	  164,760 (10.7)	    4,413 (12.2)	   12,282 (14.9)	    7,236 (12.7)
.	    4,027 (0.2)	    3,726 (0.2)	       52 (0.1)	      163 (0.2)	       86 (0.2)

Smoking status (missing set to non)
1	  746,834 (43.6)	  676,284 (44.0)	   15,002 (41.5)	   32,615 (39.6)	   22,933 (40.2)
2	  775,527 (45.3)	  694,377 (45.2)	   16,703 (46.2)	   37,541 (45.5)	   26,906 (47.1)
3	  188,691 (11.0)	  164,760 (10.7)	    4,413 (12.2)	   12,282 (14.9)	    7,236 (12.7)
.	        0 (0.0)	        0 (0.0)	        0 (0.0)	        0 (0.0)	        0 (0.0)

Ethnicity
1	  1212799 (70.9)	  1088418 (70.9)	   25,595 (70.9)	   58,644 (71.1)	   40,142 (70.3)
2	    7,358 (0.4)	    6,536 (0.4)	      187 (0.5)	      427 (0.5)	      208 (0.4)
3	   58,839 (3.4)	   51,832 (3.4)	    1,878 (5.2)	    3,111 (3.8)	    2,018 (3.5)
4	   19,717 (1.2)	   17,623 (1.1)	      429 (1.2)	    1,209 (1.5)	      456 (0.8)
5	   12,103 (0.7)	   10,867 (0.7)	      278 (0.8)	      600 (0.7)	      358 (0.6)
.	  400,236 (23.4)	  360,145 (23.5)	    7,751 (21.5)	   18,447 (22.4)	   13,893 (24.3)

Index of Multiple Deprivation (IMD)
1	  343,548 (20.1)	  312,861 (20.4)	    6,294 (17.4)	   13,944 (16.9)	   10,449 (18.3)
2	  341,410 (20.0)	  308,559 (20.1)	    6,719 (18.6)	   15,204 (18.4)	   10,928 (19.1)
3	  342,074 (20.0)	  307,577 (20.0)	    7,031 (19.5)	   15,828 (19.2)	   11,638 (20.4)
4	  346,439 (20.2)	  309,012 (20.1)	    7,770 (21.5)	   17,572 (21.3)	   12,085 (21.2)
5	  337,581 (19.7)	  297,412 (19.4)	    8,304 (23.0)	   19,890 (24.1)	   11,975 (21.0)
.	        0 (0.0)	        0 (0.0)	        0 (0.0)	        0 (0.0)	        0 (0.0)

Diabetes Severity
1	  1445458 (84.5)	  1296012 (84.4)	   30,363 (84.1)	   70,802 (85.9)	   48,281 (84.6)
2	  196,650 (11.5)	  177,181 (11.5)	    4,379 (12.1)	    8,571 (10.4)	    6,519 (11.4)
3	   64,852 (3.8)	   58,553 (3.8)	    1,285 (3.6)	    2,890 (3.5)	    2,124 (3.7)
4	    4,092 (0.2)	    3,675 (0.2)	       91 (0.3)	      175 (0.2)	      151 (0.3)
.	        0 (0.0)	        0 (0.0)	        0 (0.0)	        0 (0.0)	        0 (0.0)

Diabetes Severity: group no Hb1AC with uncontrolled DM
1	  1445458 (84.5)	  1296012 (84.4)	   30,363 (84.1)	   70,802 (85.9)	   48,281 (84.6)
2	  196,650 (11.5)	  177,181 (11.5)	    4,379 (12.1)	    8,571 (10.4)	    6,519 (11.4)
3	   68,944 (4.0)	   62,228 (4.1)	    1,376 (3.8)	    3,065 (3.7)	    2,275 (4.0)
.	        0 (0.0)	        0 (0.0)	        0 (0.0)	        0 (0.0)	        0 (0.0)

Rheumatoid arthritis/osteoarthritis/both
.	        0 (0.0)	        0 (0.0)	        0 (0.0)	        0 (0.0)	        0 (0.0)
1	   71,933 (4.2)	   59,207 (3.9)	    2,094 (5.8)	    5,058 (6.1)	    5,574 (9.8)
2	  1594767 (93.2)	  1440570 (93.8)	   32,554 (90.1)	   74,307 (90.1)	   47,336 (82.9)
3	   44,352 (2.6)	   35,644 (2.3)	    1,470 (4.1)	    3,073 (3.7)	    4,165 (7.3)
.	        0 (0.0)	        0 (0.0)	        0 (0.0)	        0 (0.0)	        0 (0.0)

Diagnosed hypertension
0	  1017952 (59.5)	  908,558 (59.2)	   21,723 (60.1)	   54,168 (65.7)	   33,503 (58.7)
1	  693,100 (40.5)	  626,863 (40.8)	   14,395 (39.9)	   28,270 (34.3)	   23,572 (41.3)
.	        0 (0.0)	        0 (0.0)	        0 (0.0)	        0 (0.0)	        0 (0.0)

Heart Failure
0	  1672725 (97.8)	  1498506 (97.6)	   35,807 (99.1)	   81,928 (99.4)	   56,484 (99.0)
1	   38,327 (2.2)	   36,915 (2.4)	      311 (0.9)	      510 (0.6)	      591 (1.0)
.	        0 (0.0)	        0 (0.0)	        0 (0.0)	        0 (0.0)	        0 (0.0)

Other Heart Diseases
0	  1648669 (96.4)	  1477251 (96.2)	   35,229 (97.5)	   80,619 (97.8)	   55,570 (97.4)
1	   62,383 (3.6)	   58,170 (3.8)	      889 (2.5)	    1,819 (2.2)	    1,505 (2.6)
.	        0 (0.0)	        0 (0.0)	        0 (0.0)	        0 (0.0)	        0 (0.0)

Diabetes
0	  1445458 (84.5)	  1296012 (84.4)	   30,363 (84.1)	   70,802 (85.9)	   48,281 (84.6)
1	  265,594 (15.5)	  239,409 (15.6)	    5,755 (15.9)	   11,636 (14.1)	    8,794 (15.4)
.	        0 (0.0)	        0 (0.0)	        0 (0.0)	        0 (0.0)	        0 (0.0)

COPD
0	  1616460 (94.5)	  1449228 (94.4)	   34,279 (94.9)	   78,979 (95.8)	   53,974 (94.6)
1	   94,592 (5.5)	   86,193 (5.6)	    1,839 (5.1)	    3,459 (4.2)	    3,101 (5.4)
.	        0 (0.0)	        0 (0.0)	        0 (0.0)	        0 (0.0)	        0 (0.0)

Other Respiratory Diseases
0	  1669262 (97.6)	  1497061 (97.5)	   35,397 (98.0)	   81,157 (98.4)	   55,647 (97.5)
1	   41,790 (2.4)	   38,360 (2.5)	      721 (2.0)	    1,281 (1.6)	    1,428 (2.5)
.	        0 (0.0)	        0 (0.0)	        0 (0.0)	        0 (0.0)	        0 (0.0)

Cancer
0	  1520229 (88.8)	  1360582 (88.6)	   32,718 (90.6)	   75,991 (92.2)	   50,938 (89.2)
1	  190,823 (11.2)	  174,839 (11.4)	    3,400 (9.4)	    6,447 (7.8)	    6,137 (10.8)
.	        0 (0.0)	        0 (0.0)	        0 (0.0)	        0 (0.0)	        0 (0.0)

Immunosuppressed (combination algorithm)
0	  1701562 (99.4)	  1526925 (99.4)	   35,934 (99.5)	   82,023 (99.5)	   56,680 (99.3)
1	    9,490 (0.6)	    8,496 (0.6)	      184 (0.5)	      415 (0.5)	      395 (0.7)
.	        0 (0.0)	        0 (0.0)	        0 (0.0)	        0 (0.0)	        0 (0.0)

Chronic kidney disease
0	  1534610 (89.7)	  1370151 (89.2)	   33,571 (92.9)	   78,720 (95.5)	   52,168 (91.4)
1	  176,442 (10.3)	  165,270 (10.8)	    2,547 (7.1)	    3,718 (4.5)	    4,907 (8.6)
.	        0 (0.0)	        0 (0.0)	        0 (0.0)	        0 (0.0)	        0 (0.0)

Osteoarthritis
0	   71,933 (4.2)	   59,207 (3.9)	    2,094 (5.8)	    5,058 (6.1)	    5,574 (9.8)
1	  1639119 (95.8)	  1476214 (96.1)	   34,024 (94.2)	   77,380 (93.9)	   51,501 (90.2)
.	        0 (0.0)	        0 (0.0)	        0 (0.0)	        0 (0.0)	        0 (0.0)

Rheumatoid arthritis
0	  1594767 (93.2)	  1440570 (93.8)	   32,554 (90.1)	   74,307 (90.1)	   47,336 (82.9)
1	  116,285 (6.8)	   94,851 (6.2)	    3,564 (9.9)	    8,131 (9.9)	    9,739 (17.1)
.	        0 (0.0)	        0 (0.0)	        0 (0.0)	        0 (0.0)	        0 (0.0)

Flu vaccine
0	  817,461 (47.8)	  728,389 (47.4)	   17,225 (47.7)	   47,075 (57.1)	   24,772 (43.4)
1	  893,591 (52.2)	  807,032 (52.6)	   18,893 (52.3)	   35,363 (42.9)	   32,303 (56.6)
.	        0 (0.0)	        0 (0.0)	        0 (0.0)	        0 (0.0)	        0 (0.0)

Pneumococcal Vaccine
0	  1493236 (87.3)	  1342306 (87.4)	   30,836 (85.4)	   71,767 (87.1)	   48,327 (84.7)
1	  217,816 (12.7)	  193,115 (12.6)	    5,282 (14.6)	   10,671 (12.9)	    8,748 (15.3)
.	        0 (0.0)	        0 (0.0)	        0 (0.0)	        0 (0.0)	        0 (0.0)

Recent Statin
0	  1247073 (72.9)	  1118603 (72.9)	   25,589 (70.8)	   62,391 (75.7)	   40,490 (70.9)
1	  463,979 (27.1)	  416,818 (27.1)	   10,529 (29.2)	   20,047 (24.3)	   16,585 (29.1)
.	        0 (0.0)	        0 (0.0)	        0 (0.0)	        0 (0.0)	        0 (0.0)

Recent PPIs
0	  1201449 (70.2)	  1163241 (75.8)	    6,736 (18.6)	   16,327 (19.8)	   15,145 (26.5)
1	  509,603 (29.8)	  372,180 (24.2)	   29,382 (81.4)	   66,111 (80.2)	   41,930 (73.5)
.	        0 (0.0)	        0 (0.0)	        0 (0.0)	        0 (0.0)	        0 (0.0)

Recent oral prednisolone
0	  1641510 (95.9)	  1474116 (96.0)	   34,601 (95.8)	   79,131 (96.0)	   53,662 (94.0)
1	   69,542 (4.1)	   61,305 (4.0)	    1,517 (4.2)	    3,307 (4.0)	    3,413 (6.0)
.	        0 (0.0)	        0 (0.0)	        0 (0.0)	        0 (0.0)	        0 (0.0)

Recent hydroxychloroquine
0	  1689133 (98.7)	  1518606 (98.9)	   35,270 (97.7)	   80,481 (97.6)	   54,776 (96.0)
1	   21,919 (1.3)	   16,815 (1.1)	      848 (2.3)	    1,957 (2.4)	    2,299 (4.0)
.	        0 (0.0)	        0 (0.0)	        0 (0.0)	        0 (0.0)	        0 (0.0)

Recent Other DMARDs use
0	  1649601 (96.4)	  1486669 (96.8)	   34,037 (94.2)	   77,851 (94.4)	   51,044 (89.4)
1	   61,451 (3.6)	   48,752 (3.2)	    2,081 (5.8)	    4,587 (5.6)	    6,031 (10.6)
.	        0 (0.0)	        0 (0.0)	        0 (0.0)	        0 (0.0)	        0 (0.0)

GP consultation in last year (binary)
0	  121,609 (7.1)	  118,191 (7.7)	      641 (1.8)	    1,422 (1.7)	    1,355 (2.4)
1	  1589443 (92.9)	  1417230 (92.3)	   35,477 (98.2)	   81,016 (98.3)	   55,720 (97.6)
.	        0 (0.0)	        0 (0.0)	        0 (0.0)	        0 (0.0)	        0 (0.0)

A&E attendance rate in last year (binary)
0	  1421183 (83.1)	  1278522 (83.3)	   29,472 (81.6)	   66,640 (80.8)	   46,549 (81.6)
1	  289,869 (16.9)	  256,899 (16.7)	    6,646 (18.4)	   15,798 (19.2)	   10,526 (18.4)
.	        0 (0.0)	        0 (0.0)	        0 (0.0)	        0 (0.0)	        0 (0.0)



GP consultation count
Median (IQR)	7 (3-12)	6 (3-11)	9 (5-14)	8 (5-14)	9 (5-14)
Min, Max	0, 585	0, 585	0, 360	0, 318	0, 260
Age (years)
Median (IQR)	67 (58-75)	68 (58-76)	65 (57-72)	61 (54-68)	66 (57-73)
Min, Max	18, 110	18, 110	18, 101	18, 100	18, 103
A&E attendance count
Median (IQR)	0 (0-0)	0 (0-0)	0 (0-0)	0 (0-0)	0 (0-0)
Min, Max	0, 77	0, 77	0, 28	0, 39	0, 59
Number of days (follow-up) for ONS covid death
Median (IQR)	105 (105-105)	105 (105-105)	105 (105-105)	105 (105-105)	105 (105-105)
Min, Max	1, 105	1, 105	1, 105	1, 105	1, 105
