Table 1: Demographic and Clinical Characteristics - Rheumatoid_arthritis_&_osteoarthritis
	Total	non-current NSAID use	current NSAID use

1	  1711062 (100.0)	  1535431 (100.0)	  175,631 (100.0)

Grouped age
1	   37,340 (2.2)	   32,939 (2.1)	    4,401 (2.5)
2	  113,701 (6.6)	   97,893 (6.4)	   15,808 (9.0)
3	  338,012 (19.8)	  292,586 (19.1)	   45,426 (25.9)
4	  474,121 (27.7)	  417,087 (27.2)	   57,034 (32.5)
5	  478,491 (28.0)	  437,104 (28.5)	   41,387 (23.6)
6	  269,397 (15.7)	  257,822 (16.8)	   11,575 (6.6)

Male
0	  1063487 (62.2)	  952,836 (62.1)	  110,651 (63.0)
1	  647,575 (37.8)	  582,595 (37.9)	   64,980 (37.0)

Grouped BMI
1	   20,172 (1.2)	   18,953 (1.2)	    1,219 (0.7)
2	  408,982 (23.9)	  377,597 (24.6)	   31,385 (17.9)
3	  575,417 (33.6)	  520,011 (33.9)	   55,406 (31.5)
4	  339,858 (19.9)	  299,257 (19.5)	   40,601 (23.1)
5	  139,872 (8.2)	  119,715 (7.8)	   20,157 (11.5)
6	   70,964 (4.1)	   58,615 (3.8)	   12,349 (7.0)
.	  155,797 (9.1)	  141,283 (9.2)	   14,514 (8.3)

Smoking status
1	  742,813 (43.4)	  672,564 (43.8)	   70,249 (40.0)
2	  775,530 (45.3)	  694,380 (45.2)	   81,150 (46.2)
3	  188,692 (11.0)	  164,761 (10.7)	   23,931 (13.6)
.	    4,027 (0.2)	    3,726 (0.2)	      301 (0.2)

Smoking status (missing set to non)
1	  746,840 (43.6)	  676,290 (44.0)	   70,550 (40.2)
2	  775,530 (45.3)	  694,380 (45.2)	   81,150 (46.2)
3	  188,692 (11.0)	  164,761 (10.7)	   23,931 (13.6)
.	        0 (0.0)	        0 (0.0)	        0 (0.0)

Ethnicity
1	  1212807 (70.9)	  1088426 (70.9)	  124,381 (70.8)
2	    7,358 (0.4)	    6,536 (0.4)	      822 (0.5)
3	   58,839 (3.4)	   51,832 (3.4)	    7,007 (4.0)
4	   19,717 (1.2)	   17,623 (1.1)	    2,094 (1.2)
5	   12,103 (0.7)	   10,867 (0.7)	    1,236 (0.7)
.	  400,238 (23.4)	  360,147 (23.5)	   40,091 (22.8)

Index of Multiple Deprivation (IMD)
1	  343,549 (20.1)	  312,862 (20.4)	   30,687 (17.5)
2	  341,411 (20.0)	  308,560 (20.1)	   32,851 (18.7)
3	  342,077 (20.0)	  307,580 (20.0)	   34,497 (19.6)
4	  346,442 (20.2)	  309,015 (20.1)	   37,427 (21.3)
5	  337,583 (19.7)	  297,414 (19.4)	   40,169 (22.9)
.	        0 (0.0)	        0 (0.0)	        0 (0.0)

Diabetes Severity
1	  1445468 (84.5)	  1296022 (84.4)	  149,446 (85.1)
2	  196,650 (11.5)	  177,181 (11.5)	   19,469 (11.1)
3	   64,852 (3.8)	   58,553 (3.8)	    6,299 (3.6)
4	    4,092 (0.2)	    3,675 (0.2)	      417 (0.2)
.	        0 (0.0)	        0 (0.0)	        0 (0.0)

Diabetes Severity: group no Hb1AC with uncontrolled DM
1	  1445468 (84.5)	  1296022 (84.4)	  149,446 (85.1)
2	  196,650 (11.5)	  177,181 (11.5)	   19,469 (11.1)
3	   68,944 (4.0)	   62,228 (4.1)	    6,716 (3.8)
.	        0 (0.0)	        0 (0.0)	        0 (0.0)

Rheumatoid arthritis/osteoarthritis/both
.	        0 (0.0)	        0 (0.0)	        0 (0.0)
1	   71,933 (4.2)	   59,207 (3.9)	   12,726 (7.2)
2	  1594776 (93.2)	  1440579 (93.8)	  154,197 (87.8)
3	   44,353 (2.6)	   35,645 (2.3)	    8,708 (5.0)
.	        0 (0.0)	        0 (0.0)	        0 (0.0)

Diagnosed hypertension
0	  1017956 (59.5)	  908,562 (59.2)	  109,394 (62.3)
1	  693,106 (40.5)	  626,869 (40.8)	   66,237 (37.7)
.	        0 (0.0)	        0 (0.0)	        0 (0.0)

Heart Failure
0	  1672735 (97.8)	  1498516 (97.6)	  174,219 (99.2)
1	   38,327 (2.2)	   36,915 (2.4)	    1,412 (0.8)
.	        0 (0.0)	        0 (0.0)	        0 (0.0)

Other Heart Diseases
0	  1648678 (96.4)	  1477260 (96.2)	  171,418 (97.6)
1	   62,384 (3.6)	   58,171 (3.8)	    4,213 (2.4)
.	        0 (0.0)	        0 (0.0)	        0 (0.0)

Diabetes
0	  1445468 (84.5)	  1296022 (84.4)	  149,446 (85.1)
1	  265,594 (15.5)	  239,409 (15.6)	   26,185 (14.9)
.	        0 (0.0)	        0 (0.0)	        0 (0.0)

COPD
0	  1616470 (94.5)	  1449238 (94.4)	  167,232 (95.2)
1	   94,592 (5.5)	   86,193 (5.6)	    8,399 (4.8)
.	        0 (0.0)	        0 (0.0)	        0 (0.0)

Other Respiratory Diseases
0	  1669272 (97.6)	  1497071 (97.5)	  172,201 (98.0)
1	   41,790 (2.4)	   38,360 (2.5)	    3,430 (2.0)
.	        0 (0.0)	        0 (0.0)	        0 (0.0)

Cancer
0	  1520238 (88.8)	  1360591 (88.6)	  159,647 (90.9)
1	  190,824 (11.2)	  174,840 (11.4)	   15,984 (9.1)
.	        0 (0.0)	        0 (0.0)	        0 (0.0)

Immunosuppressed (combination algorithm)
0	  1701572 (99.4)	  1526935 (99.4)	  174,637 (99.4)
1	    9,490 (0.6)	    8,496 (0.6)	      994 (0.6)
.	        0 (0.0)	        0 (0.0)	        0 (0.0)

Chronic kidney disease
0	  1534619 (89.7)	  1370160 (89.2)	  164,459 (93.6)
1	  176,443 (10.3)	  165,271 (10.8)	   11,172 (6.4)
.	        0 (0.0)	        0 (0.0)	        0 (0.0)

Osteoarthritis
0	   71,933 (4.2)	   59,207 (3.9)	   12,726 (7.2)
1	  1639129 (95.8)	  1476224 (96.1)	  162,905 (92.8)
.	        0 (0.0)	        0 (0.0)	        0 (0.0)

Rheumatoid arthritis
0	  1594776 (93.2)	  1440579 (93.8)	  154,197 (87.8)
1	  116,286 (6.8)	   94,852 (6.2)	   21,434 (12.2)
.	        0 (0.0)	        0 (0.0)	        0 (0.0)

Flu vaccine
0	  817,467 (47.8)	  728,395 (47.4)	   89,072 (50.7)
1	  893,595 (52.2)	  807,036 (52.6)	   86,559 (49.3)
.	        0 (0.0)	        0 (0.0)	        0 (0.0)

Pneumococcal Vaccine
0	  1493244 (87.3)	  1342314 (87.4)	  150,930 (85.9)
1	  217,818 (12.7)	  193,117 (12.6)	   24,701 (14.1)
.	        0 (0.0)	        0 (0.0)	        0 (0.0)

Recent Statin
0	  1247082 (72.9)	  1118612 (72.9)	  128,470 (73.1)
1	  463,980 (27.1)	  416,819 (27.1)	   47,161 (26.9)
.	        0 (0.0)	        0 (0.0)	        0 (0.0)

Recent PPIs
0	  1201457 (70.2)	  1163249 (75.8)	   38,208 (21.8)
1	  509,605 (29.8)	  372,182 (24.2)	  137,423 (78.2)
.	        0 (0.0)	        0 (0.0)	        0 (0.0)

Recent oral prednisolone
0	  1641519 (95.9)	  1474125 (96.0)	  167,394 (95.3)
1	   69,543 (4.1)	   61,306 (4.0)	    8,237 (4.7)
.	        0 (0.0)	        0 (0.0)	        0 (0.0)

Recent hydroxychloroquine
0	  1689143 (98.7)	  1518616 (98.9)	  170,527 (97.1)
1	   21,919 (1.3)	   16,815 (1.1)	    5,104 (2.9)
.	        0 (0.0)	        0 (0.0)	        0 (0.0)

Recent Other DMARDs use
0	  1649611 (96.4)	  1486679 (96.8)	  162,932 (92.8)
1	   61,451 (3.6)	   48,752 (3.2)	   12,699 (7.2)
.	        0 (0.0)	        0 (0.0)	        0 (0.0)

GP consultation in last year (binary)
0	  121,609 (7.1)	  118,191 (7.7)	    3,418 (1.9)
1	  1589453 (92.9)	  1417240 (92.3)	  172,213 (98.1)
.	        0 (0.0)	        0 (0.0)	        0 (0.0)

A&E attendance rate in last year (binary)
0	  1421190 (83.1)	  1278529 (83.3)	  142,661 (81.2)
1	  289,872 (16.9)	  256,902 (16.7)	   32,970 (18.8)
.	        0 (0.0)	        0 (0.0)	        0 (0.0)



GP consultation count
Median (IQR)	7 (3-12)	6 (3-11)	8 (5-14)
Min, Max	0, 585	0, 585	0, 360
Age (years)
Median (IQR)	67 (58-75)	68 (58-76)	63 (55-71)
Min, Max	18, 110	18, 110	18, 103
A&E attendance count
Median (IQR)	0 (0-0)	0 (0-0)	0 (0-0)
Min, Max	0, 77	0, 77	0, 59
Number of days (follow-up) for ONS covid death
Median (IQR)	105 (105-105)	105 (105-105)	105 (105-105)
Min, Max	1, 105	1, 105	1, 105
