Table 1: Demographic and Clinical Characteristics - Rheumatoid_arthritis_&_osteoarthritis
	Total	non-current NSAID use	current NSAID use

1	  1601943 (100.0)	  1434822 (100.0)	  167,121 (100.0)

Grouped age
1	   36,905 (2.3)	   32,562 (2.3)	    4,343 (2.6)
2	  111,674 (7.0)	   96,257 (6.7)	   15,417 (9.2)
3	  330,141 (20.6)	  285,989 (19.9)	   44,152 (26.4)
4	  455,167 (28.4)	  400,493 (27.9)	   54,674 (32.7)
5	  440,330 (27.5)	  401,911 (28.0)	   38,419 (23.0)
6	  227,726 (14.2)	  217,610 (15.2)	   10,116 (6.1)

Male
0	  995,642 (62.2)	  890,330 (62.1)	  105,312 (63.0)
1	  606,301 (37.8)	  544,492 (37.9)	   61,809 (37.0)

Grouped BMI
1	   18,645 (1.2)	   17,484 (1.2)	    1,161 (0.7)
2	  384,229 (24.0)	  354,200 (24.7)	   30,029 (18.0)
3	  537,863 (33.6)	  485,202 (33.8)	   52,661 (31.5)
4	  316,084 (19.7)	  277,653 (19.4)	   38,431 (23.0)
5	  129,969 (8.1)	  110,853 (7.7)	   19,116 (11.4)
6	   66,103 (4.1)	   54,324 (3.8)	   11,779 (7.0)
.	  149,050 (9.3)	  135,106 (9.4)	   13,944 (8.3)

Smoking status
1	  699,216 (43.6)	  632,271 (44.1)	   66,945 (40.1)
2	  718,412 (44.8)	  641,563 (44.7)	   76,849 (46.0)
3	  180,300 (11.3)	  157,273 (11.0)	   23,027 (13.8)
.	    4,015 (0.3)	    3,715 (0.3)	      300 (0.2)

Smoking status (missing set to non)
1	  703,231 (43.9)	  635,986 (44.3)	   67,245 (40.2)
2	  718,412 (44.8)	  641,563 (44.7)	   76,849 (46.0)
3	  180,300 (11.3)	  157,273 (11.0)	   23,027 (13.8)
.	        0 (0.0)	        0 (0.0)	        0 (0.0)

Ethnicity
1	  1140382 (71.2)	  1021559 (71.2)	  118,823 (71.1)
2	    7,022 (0.4)	    6,236 (0.4)	      786 (0.5)
3	   54,526 (3.4)	   47,968 (3.3)	    6,558 (3.9)
4	   18,626 (1.2)	   16,612 (1.2)	    2,014 (1.2)
5	   11,532 (0.7)	   10,352 (0.7)	    1,180 (0.7)
.	  369,855 (23.1)	  332,095 (23.1)	   37,760 (22.6)

Index of Multiple Deprivation (IMD)
1	  322,826 (20.2)	  293,572 (20.5)	   29,254 (17.5)
2	  320,335 (20.0)	  289,023 (20.1)	   31,312 (18.7)
3	  320,633 (20.0)	  287,737 (20.1)	   32,896 (19.7)
4	  324,371 (20.2)	  288,781 (20.1)	   35,590 (21.3)
5	  313,778 (19.6)	  275,709 (19.2)	   38,069 (22.8)
.	        0 (0.0)	        0 (0.0)	        0 (0.0)

Diabetes Severity
1	  1370003 (85.5)	  1226805 (85.5)	  143,198 (85.7)
2	  173,394 (10.8)	  155,509 (10.8)	   17,885 (10.7)
3	   54,765 (3.4)	   49,113 (3.4)	    5,652 (3.4)
4	    3,781 (0.2)	    3,395 (0.2)	      386 (0.2)
.	        0 (0.0)	        0 (0.0)	        0 (0.0)

Diabetes Severity: group no Hb1AC with uncontrolled DM
1	  1370003 (85.5)	  1226805 (85.5)	  143,198 (85.7)
2	  173,394 (10.8)	  155,509 (10.8)	   17,885 (10.7)
3	   58,546 (3.7)	   52,508 (3.7)	    6,038 (3.6)
.	        0 (0.0)	        0 (0.0)	        0 (0.0)

Rheumatoid arthritis/osteoarthritis/both
.	        0 (0.0)	        0 (0.0)	        0 (0.0)
1	   69,438 (4.3)	   57,087 (4.0)	   12,351 (7.4)
2	  1491601 (93.1)	  1345070 (93.7)	  146,531 (87.7)
3	   40,904 (2.6)	   32,665 (2.3)	    8,239 (4.9)
.	        0 (0.0)	        0 (0.0)	        0 (0.0)

Diagnosed hypertension
0	  982,721 (61.3)	  876,855 (61.1)	  105,866 (63.3)
1	  619,222 (38.7)	  557,967 (38.9)	   61,255 (36.7)
.	        0 (0.0)	        0 (0.0)	        0 (0.0)

Heart Failure
0	  1571424 (98.1)	  1405525 (98.0)	  165,899 (99.3)
1	   30,519 (1.9)	   29,297 (2.0)	    1,222 (0.7)
.	        0 (0.0)	        0 (0.0)	        0 (0.0)

Other Heart Diseases
0	  1554863 (97.1)	  1391264 (97.0)	  163,599 (97.9)
1	   47,080 (2.9)	   43,558 (3.0)	    3,522 (2.1)
.	        0 (0.0)	        0 (0.0)	        0 (0.0)

Diabetes
0	  1370003 (85.5)	  1226805 (85.5)	  143,198 (85.7)
1	  231,940 (14.5)	  208,017 (14.5)	   23,923 (14.3)
.	        0 (0.0)	        0 (0.0)	        0 (0.0)

COPD
0	  1517010 (94.7)	  1357702 (94.6)	  159,308 (95.3)
1	   84,933 (5.3)	   77,120 (5.4)	    7,813 (4.7)
.	        0 (0.0)	        0 (0.0)	        0 (0.0)

Other Respiratory Diseases
0	  1564873 (97.7)	  1400901 (97.6)	  163,972 (98.1)
1	   37,070 (2.3)	   33,921 (2.4)	    3,149 (1.9)
.	        0 (0.0)	        0 (0.0)	        0 (0.0)

Cancer
0	  1428408 (89.2)	  1276237 (88.9)	  152,171 (91.1)
1	  173,535 (10.8)	  158,585 (11.1)	   14,950 (8.9)
.	        0 (0.0)	        0 (0.0)	        0 (0.0)

Immunosuppressed (combination algorithm)
0	  1593217 (99.5)	  1427040 (99.5)	  166,177 (99.4)
1	    8,726 (0.5)	    7,782 (0.5)	      944 (0.6)
.	        0 (0.0)	        0 (0.0)	        0 (0.0)

Chronic kidney disease
0	  1451444 (90.6)	  1294404 (90.2)	  157,040 (94.0)
1	  150,499 (9.4)	  140,418 (9.8)	   10,081 (6.0)
.	        0 (0.0)	        0 (0.0)	        0 (0.0)

Osteoarthritis
0	   69,438 (4.3)	   57,087 (4.0)	   12,351 (7.4)
1	  1532505 (95.7)	  1377735 (96.0)	  154,770 (92.6)
.	        0 (0.0)	        0 (0.0)	        0 (0.0)

Rheumatoid arthritis
0	  1491601 (93.1)	  1345070 (93.7)	  146,531 (87.7)
1	  110,342 (6.9)	   89,752 (6.3)	   20,590 (12.3)
.	        0 (0.0)	        0 (0.0)	        0 (0.0)

Flu vaccine
0	  787,941 (49.2)	  701,755 (48.9)	   86,186 (51.6)
1	  814,002 (50.8)	  733,067 (51.1)	   80,935 (48.4)
.	        0 (0.0)	        0 (0.0)	        0 (0.0)

Pneumococcal Vaccine
0	  1395349 (87.1)	  1251804 (87.2)	  143,545 (85.9)
1	  206,594 (12.9)	  183,018 (12.8)	   23,576 (14.1)
.	        0 (0.0)	        0 (0.0)	        0 (0.0)

Recent Statin
0	  1188929 (74.2)	  1065241 (74.2)	  123,688 (74.0)
1	  413,014 (25.8)	  369,581 (25.8)	   43,433 (26.0)
.	        0 (0.0)	        0 (0.0)	        0 (0.0)

Recent PPIs
0	  1134422 (70.8)	  1097748 (76.5)	   36,674 (21.9)
1	  467,521 (29.2)	  337,074 (23.5)	  130,447 (78.1)
.	        0 (0.0)	        0 (0.0)	        0 (0.0)

Recent oral prednisolone
0	  1538981 (96.1)	  1379579 (96.1)	  159,402 (95.4)
1	   62,962 (3.9)	   55,243 (3.9)	    7,719 (4.6)
.	        0 (0.0)	        0 (0.0)	        0 (0.0)

Recent hydroxychloroquine
0	  1581085 (98.7)	  1418855 (98.9)	  162,230 (97.1)
1	   20,858 (1.3)	   15,967 (1.1)	    4,891 (2.9)
.	        0 (0.0)	        0 (0.0)	        0 (0.0)

Recent Other DMARDs use
0	  1543680 (96.4)	  1388788 (96.8)	  154,892 (92.7)
1	   58,263 (3.6)	   46,034 (3.2)	   12,229 (7.3)
.	        0 (0.0)	        0 (0.0)	        0 (0.0)

GP consultation in last year (binary)
0	  118,208 (7.4)	  114,887 (8.0)	    3,321 (2.0)
1	  1483735 (92.6)	  1319935 (92.0)	  163,800 (98.0)
.	        0 (0.0)	        0 (0.0)	        0 (0.0)

A&E attendance rate in last year (binary)
0	  1336368 (83.4)	  1200417 (83.7)	  135,951 (81.3)
1	  265,575 (16.6)	  234,405 (16.3)	   31,170 (18.7)
.	        0 (0.0)	        0 (0.0)	        0 (0.0)



GP consultation count
Median (IQR)	6 (3-12)	6 (3-11)	8 (5-14)
Min, Max	0, 585	0, 585	0, 360
Age (years)
Median (IQR)	67 (58-75)	67 (58-75)	63 (55-71)
Min, Max	18, 110	18, 110	18, 101
A&E attendance count
Median (IQR)	0 (0-0)	0 (0-0)	0 (0-0)
Min, Max	0, 77	0, 77	0, 59
Number of days (follow-up) for ONS covid death
Median (IQR)	105 (105-105)	105 (105-105)	105 (105-105)
Min, Max	1, 105	1, 105	1, 105
