Table 1: Demographic and Clinical Characteristics - nsaid
	Total	non-current NSAID use	current NSAID use

1	  2398961 (100.0)	  1879001 (100.0)	  519,960 (100.0)

Grouped age
1	  707,213 (29.5)	  592,679 (31.5)	  114,534 (22.0)
2	  492,115 (20.5)	  391,031 (20.8)	  101,084 (19.4)
3	  545,336 (22.7)	  415,471 (22.1)	  129,865 (25.0)
4	  376,327 (15.7)	  274,031 (14.6)	  102,296 (19.7)
5	  216,071 (9.0)	  157,982 (8.4)	   58,089 (11.2)
6	   61,899 (2.6)	   47,807 (2.5)	   14,092 (2.7)

Male
0	  1371609 (57.2)	  1064384 (56.6)	  307,225 (59.1)
1	  1027352 (42.8)	  814,617 (43.4)	  212,735 (40.9)

Grouped BMI
1	   31,620 (1.3)	   25,807 (1.4)	    5,813 (1.1)
2	  585,432 (24.4)	  473,849 (25.2)	  111,583 (21.5)
3	  714,549 (29.8)	  560,303 (29.8)	  154,246 (29.7)
4	  424,074 (17.7)	  321,804 (17.1)	  102,270 (19.7)
5	  181,323 (7.6)	  132,947 (7.1)	   48,376 (9.3)
6	   97,503 (4.1)	   68,392 (3.6)	   29,111 (5.6)
.	  364,460 (15.2)	  295,899 (15.7)	   68,561 (13.2)

Smoking status
1	  1035128 (43.1)	  821,303 (43.7)	  213,825 (41.1)
2	  844,534 (35.2)	  644,551 (34.3)	  199,983 (38.5)
3	  482,555 (20.1)	  381,861 (20.3)	  100,694 (19.4)
.	   36,744 (1.5)	   31,286 (1.7)	    5,458 (1.0)

Smoking status (missing set to non)
1	  1071872 (44.7)	  852,589 (45.4)	  219,283 (42.2)
2	  844,534 (35.2)	  644,551 (34.3)	  199,983 (38.5)
3	  482,555 (20.1)	  381,861 (20.3)	  100,694 (19.4)
.	        0 (0.0)	        0 (0.0)	        0 (0.0)

Ethnicity
1	  1547717 (64.5)	  1202082 (64.0)	  345,635 (66.5)
2	   24,744 (1.0)	   20,165 (1.1)	    4,579 (0.9)
3	  179,852 (7.5)	  147,858 (7.9)	   31,994 (6.2)
4	   59,014 (2.5)	   48,685 (2.6)	   10,329 (2.0)
5	   36,620 (1.5)	   29,813 (1.6)	    6,807 (1.3)
.	  551,014 (23.0)	  430,398 (22.9)	  120,616 (23.2)

Index of Multiple Deprivation (IMD)
1	  482,333 (20.1)	  378,232 (20.1)	  104,101 (20.0)
2	  481,769 (20.1)	  376,401 (20.0)	  105,368 (20.3)
3	  476,503 (19.9)	  372,346 (19.8)	  104,157 (20.0)
4	  479,543 (20.0)	  375,949 (20.0)	  103,594 (19.9)
5	  478,813 (20.0)	  376,073 (20.0)	  102,740 (19.8)
.	        0 (0.0)	        0 (0.0)	        0 (0.0)

Diabetes Severity
1	  2178162 (90.8)	  1713999 (91.2)	  464,163 (89.3)
2	  154,011 (6.4)	  114,669 (6.1)	   39,342 (7.6)
3	   61,140 (2.5)	   45,929 (2.4)	   15,211 (2.9)
4	    5,648 (0.2)	    4,404 (0.2)	    1,244 (0.2)
.	        0 (0.0)	        0 (0.0)	        0 (0.0)

Diabetes Severity: group no Hb1AC with uncontrolled DM
1	  2178162 (90.8)	  1713999 (91.2)	  464,163 (89.3)
2	  154,011 (6.4)	  114,669 (6.1)	   39,342 (7.6)
3	   66,788 (2.8)	   50,333 (2.7)	   16,455 (3.2)
.	        0 (0.0)	        0 (0.0)	        0 (0.0)

Rheumatoid arthritis/osteoarthritis/both
0	  1865621 (77.8)	  1512782 (80.5)	  352,839 (67.9)
1	   29,325 (1.2)	   16,974 (0.9)	   12,351 (2.4)
2	  485,367 (20.2)	  338,836 (18.0)	  146,531 (28.2)
3	   18,648 (0.8)	   10,409 (0.6)	    8,239 (1.6)
.	        0 (0.0)	        0 (0.0)	        0 (0.0)

Diagnosed hypertension
0	  1946871 (81.2)	  1547206 (82.3)	  399,665 (76.9)
1	  452,090 (18.8)	  331,795 (17.7)	  120,295 (23.1)
.	        0 (0.0)	        0 (0.0)	        0 (0.0)

Heart Failure
0	  2388417 (99.6)	  1870612 (99.6)	  517,805 (99.6)
1	   10,544 (0.4)	    8,389 (0.4)	    2,155 (0.4)
.	        0 (0.0)	        0 (0.0)	        0 (0.0)

Other Heart Diseases
0	  2366631 (98.7)	  1854334 (98.7)	  512,297 (98.5)
1	   32,330 (1.3)	   24,667 (1.3)	    7,663 (1.5)
.	        0 (0.0)	        0 (0.0)	        0 (0.0)

Diabetes
0	  2178162 (90.8)	  1713999 (91.2)	  464,163 (89.3)
1	  220,799 (9.2)	  165,002 (8.8)	   55,797 (10.7)
.	        0 (0.0)	        0 (0.0)	        0 (0.0)

COPD
0	  2344385 (97.7)	  1838954 (97.9)	  505,431 (97.2)
1	   54,576 (2.3)	   40,047 (2.1)	   14,529 (2.8)
.	        0 (0.0)	        0 (0.0)	        0 (0.0)

Other Respiratory Diseases
0	  2376965 (99.1)	  1862796 (99.1)	  514,169 (98.9)
1	   21,996 (0.9)	   16,205 (0.9)	    5,791 (1.1)
.	        0 (0.0)	        0 (0.0)	        0 (0.0)

Cancer
0	  2277987 (95.0)	  1788556 (95.2)	  489,431 (94.1)
1	  120,974 (5.0)	   90,445 (4.8)	   30,529 (5.9)
.	        0 (0.0)	        0 (0.0)	        0 (0.0)

Immunosuppressed (combination algorithm)
0	  2387211 (99.5)	  1870043 (99.5)	  517,168 (99.5)
1	   11,750 (0.5)	    8,958 (0.5)	    2,792 (0.5)
.	        0 (0.0)	        0 (0.0)	        0 (0.0)

Chronic kidney disease
0	  2336429 (97.4)	  1832493 (97.5)	  503,936 (96.9)
1	   62,532 (2.6)	   46,508 (2.5)	   16,024 (3.1)
.	        0 (0.0)	        0 (0.0)	        0 (0.0)

Osteoarthritis
0	  1894946 (79.0)	  1529756 (81.4)	  365,190 (70.2)
1	  504,015 (21.0)	  349,245 (18.6)	  154,770 (29.8)
.	        0 (0.0)	        0 (0.0)	        0 (0.0)

Rheumatoid arthritis
0	  2350988 (98.0)	  1851618 (98.5)	  499,370 (96.0)
1	   47,973 (2.0)	   27,383 (1.5)	   20,590 (4.0)
.	        0 (0.0)	        0 (0.0)	        0 (0.0)

Flu vaccine
0	  1834277 (76.5)	  1467671 (78.1)	  366,606 (70.5)
1	  564,684 (23.5)	  411,330 (21.9)	  153,354 (29.5)
.	        0 (0.0)	        0 (0.0)	        0 (0.0)

Pneumococcal Vaccine
0	  2244094 (93.5)	  1767204 (94.1)	  476,890 (91.7)
1	  154,867 (6.5)	  111,797 (5.9)	   43,070 (8.3)
.	        0 (0.0)	        0 (0.0)	        0 (0.0)

Recent Statin
0	  2110137 (88.0)	  1671612 (89.0)	  438,525 (84.3)
1	  288,824 (12.0)	  207,389 (11.0)	   81,435 (15.7)
.	        0 (0.0)	        0 (0.0)	        0 (0.0)

Recent PPIs
0	  1813097 (75.6)	  1623432 (86.4)	  189,665 (36.5)
1	  585,864 (24.4)	  255,569 (13.6)	  330,295 (63.5)
.	        0 (0.0)	        0 (0.0)	        0 (0.0)

Recent oral prednisolone
0	  2346807 (97.8)	  1842072 (98.0)	  504,735 (97.1)
1	   52,154 (2.2)	   36,929 (2.0)	   15,225 (2.9)
.	        0 (0.0)	        0 (0.0)	        0 (0.0)

Recent hydroxychloroquine
0	  2384778 (99.4)	  1871227 (99.6)	  513,551 (98.8)
1	   14,183 (0.6)	    7,774 (0.4)	    6,409 (1.2)
.	        0 (0.0)	        0 (0.0)	        0 (0.0)

Recent Other DMARDs use
0	  2362776 (98.5)	  1859034 (98.9)	  503,742 (96.9)
1	   36,185 (1.5)	   19,967 (1.1)	   16,218 (3.1)
.	        0 (0.0)	        0 (0.0)	        0 (0.0)

GP consultation in last year (binary)
0	  214,319 (8.9)	  203,111 (10.8)	   11,208 (2.2)
1	  2184642 (91.1)	  1675890 (89.2)	  508,752 (97.8)
.	        0 (0.0)	        0 (0.0)	        0 (0.0)

A&E attendance rate in last year (binary)
0	  1934300 (80.6)	  1524961 (81.2)	  409,339 (78.7)
1	  464,661 (19.4)	  354,040 (18.8)	  110,621 (21.3)
.	        0 (0.0)	        0 (0.0)	        0 (0.0)



GP consultation count
Median (IQR)	6 (2-11)	5 (2-10)	7 (4-13)
Min, Max	0, 626	0, 626	0, 576
Age (years)
Median (IQR)	50 (37-61)	49 (36-60)	53 (41-63)
Min, Max	18, 110	18, 110	18, 103
A&E attendance count
Median (IQR)	0 (0-0)	0 (0-0)	0 (0-0)
Min, Max	0, 153	0, 127	0, 153
Number of days (follow-up) for ONS covid death
Median (IQR)	105 (105-105)	105 (105-105)	105 (105-105)
Min, Max	1, 105	1, 105	1, 105
