Table 1: Demographic and Clinical Characteristics - nsaid
	Total	non-current NSAID use	current NSAID use

1	  2459614 (100.0)	  2096980 (100.0)	  362,634 (100.0)

Grouped age
1	  712,072 (29.0)	  642,791 (30.7)	   69,281 (19.1)
2	  499,072 (20.3)	  431,350 (20.6)	   67,722 (18.7)
3	  556,471 (22.6)	  464,253 (22.1)	   92,218 (25.4)
4	  389,784 (15.8)	  313,218 (14.9)	   76,566 (21.1)
5	  231,481 (9.4)	  186,174 (8.9)	   45,307 (12.5)
6	   70,734 (2.9)	   59,194 (2.8)	   11,540 (3.2)

Male
0	  1408518 (57.3)	  1192495 (56.9)	  216,023 (59.6)
1	  1051096 (42.7)	  904,485 (43.1)	  146,611 (40.4)

Grouped BMI
1	   32,192 (1.3)	   28,397 (1.4)	    3,795 (1.0)
2	  597,458 (24.3)	  523,484 (25.0)	   73,974 (20.4)
3	  734,781 (29.9)	  628,254 (30.0)	  106,527 (29.4)
4	  437,788 (17.8)	  363,990 (17.4)	   73,798 (20.4)
5	  187,515 (7.6)	  151,374 (7.2)	   36,141 (10.0)
6	  100,817 (4.1)	   78,256 (3.7)	   22,561 (6.2)
.	  369,063 (15.0)	  323,225 (15.4)	   45,838 (12.6)

Smoking status
1	  1058925 (43.1)	  913,632 (43.6)	  145,293 (40.1)
2	  872,550 (35.5)	  728,162 (34.7)	  144,388 (39.8)
3	  491,373 (20.0)	  421,687 (20.1)	   69,686 (19.2)
.	   36,766 (1.5)	   33,499 (1.6)	    3,267 (0.9)

Smoking status (missing set to non)
1	  1095691 (44.5)	  947,131 (45.2)	  148,560 (41.0)
2	  872,550 (35.5)	  728,162 (34.7)	  144,388 (39.8)
3	  491,373 (20.0)	  421,687 (20.1)	   69,686 (19.2)
.	        0 (0.0)	        0 (0.0)	        0 (0.0)

Ethnicity
1	  1585324 (64.5)	  1341347 (64.0)	  243,977 (67.3)
2	   25,084 (1.0)	   22,197 (1.1)	    2,887 (0.8)
3	  184,794 (7.5)	  164,849 (7.9)	   19,945 (5.5)
4	   60,014 (2.4)	   53,629 (2.6)	    6,385 (1.8)
5	   37,137 (1.5)	   32,909 (1.6)	    4,228 (1.2)
.	  567,261 (23.1)	  482,049 (23.0)	   85,212 (23.5)

Index of Multiple Deprivation (IMD)
1	  494,447 (20.1)	  422,745 (20.2)	   71,702 (19.8)
2	  493,972 (20.1)	  420,559 (20.1)	   73,413 (20.2)
3	  488,308 (19.9)	  415,621 (19.8)	   72,687 (20.0)
4	  491,381 (20.0)	  418,606 (20.0)	   72,775 (20.1)
5	  491,506 (20.0)	  419,449 (20.0)	   72,057 (19.9)
.	        0 (0.0)	        0 (0.0)	        0 (0.0)

Diabetes Severity
1	  2222761 (90.4)	  1902806 (90.7)	  319,955 (88.2)
2	  164,340 (6.7)	  134,404 (6.4)	   29,936 (8.3)
3	   66,679 (2.7)	   54,818 (2.6)	   11,861 (3.3)
4	    5,834 (0.2)	    4,952 (0.2)	      882 (0.2)
.	        0 (0.0)	        0 (0.0)	        0 (0.0)

Diabetes Severity: group no Hb1AC with uncontrolled DM
1	  2222761 (90.4)	  1902806 (90.7)	  319,955 (88.2)
2	  164,340 (6.7)	  134,404 (6.4)	   29,936 (8.3)
3	   72,513 (2.9)	   59,770 (2.9)	   12,743 (3.5)
.	        0 (0.0)	        0 (0.0)	        0 (0.0)

Rheumatoid arthritis/osteoarthritis/both
0	  1897742 (77.2)	  1666243 (79.5)	  231,499 (63.8)
1	   30,220 (1.2)	   20,225 (1.0)	    9,995 (2.8)
2	  511,812 (20.8)	  397,679 (19.0)	  114,133 (31.5)
3	   19,840 (0.8)	   12,833 (0.6)	    7,007 (1.9)
.	        0 (0.0)	        0 (0.0)	        0 (0.0)

Diagnosed hypertension
0	  1977341 (80.4)	  1707481 (81.4)	  269,860 (74.4)
1	  482,273 (19.6)	  389,499 (18.6)	   92,774 (25.6)
.	        0 (0.0)	        0 (0.0)	        0 (0.0)

Heart Failure
0	  2447706 (99.5)	  2086772 (99.5)	  360,934 (99.5)
1	   11,908 (0.5)	   10,208 (0.5)	    1,700 (0.5)
.	        0 (0.0)	        0 (0.0)	        0 (0.0)

Other Heart Diseases
0	  2422873 (98.5)	  2066412 (98.5)	  356,461 (98.3)
1	   36,741 (1.5)	   30,568 (1.5)	    6,173 (1.7)
.	        0 (0.0)	        0 (0.0)	        0 (0.0)

Diabetes
0	  2222761 (90.4)	  1902806 (90.7)	  319,955 (88.2)
1	  236,853 (9.6)	  194,174 (9.3)	   42,679 (11.8)
.	        0 (0.0)	        0 (0.0)	        0 (0.0)

COPD
0	  2401464 (97.6)	  2050313 (97.8)	  351,151 (96.8)
1	   58,150 (2.4)	   46,667 (2.2)	   11,483 (3.2)
.	        0 (0.0)	        0 (0.0)	        0 (0.0)

Other Respiratory Diseases
0	  2436089 (99.0)	  2077985 (99.1)	  358,104 (98.8)
1	   23,525 (1.0)	   18,995 (0.9)	    4,530 (1.2)
.	        0 (0.0)	        0 (0.0)	        0 (0.0)

Cancer
0	  2332200 (94.8)	  1992384 (95.0)	  339,816 (93.7)
1	  127,414 (5.2)	  104,596 (5.0)	   22,818 (6.3)
.	        0 (0.0)	        0 (0.0)	        0 (0.0)

Immunosuppressed (combination algorithm)
0	  2447461 (99.5)	  2086808 (99.5)	  360,653 (99.5)
1	   12,153 (0.5)	   10,172 (0.5)	    1,981 (0.5)
.	        0 (0.0)	        0 (0.0)	        0 (0.0)

Chronic kidney disease
0	  2390350 (97.2)	  2040504 (97.3)	  349,846 (96.5)
1	   69,264 (2.8)	   56,476 (2.7)	   12,788 (3.5)
.	        0 (0.0)	        0 (0.0)	        0 (0.0)

Osteoarthritis
0	  1927962 (78.4)	  1686468 (80.4)	  241,494 (66.6)
1	  531,652 (21.6)	  410,512 (19.6)	  121,140 (33.4)
.	        0 (0.0)	        0 (0.0)	        0 (0.0)

Rheumatoid arthritis
0	  2409554 (98.0)	  2063922 (98.4)	  345,632 (95.3)
1	   50,060 (2.0)	   33,058 (1.6)	   17,002 (4.7)
.	        0 (0.0)	        0 (0.0)	        0 (0.0)

Flu vaccine
0	  1862731 (75.7)	  1617586 (77.1)	  245,145 (67.6)
1	  596,883 (24.3)	  479,394 (22.9)	  117,489 (32.4)
.	        0 (0.0)	        0 (0.0)	        0 (0.0)

Pneumococcal Vaccine
0	  2298434 (93.4)	  1968401 (93.9)	  330,033 (91.0)
1	  161,180 (6.6)	  128,579 (6.1)	   32,601 (9.0)
.	        0 (0.0)	        0 (0.0)	        0 (0.0)

Recent Statin
0	  2148582 (87.4)	  1850392 (88.2)	  298,190 (82.2)
1	  311,032 (12.6)	  246,588 (11.8)	   64,444 (17.8)
.	        0 (0.0)	        0 (0.0)	        0 (0.0)

Recent PPIs
0	  1848685 (75.2)	  1732312 (82.6)	  116,373 (32.1)
1	  610,929 (24.8)	  364,668 (17.4)	  246,261 (67.9)
.	        0 (0.0)	        0 (0.0)	        0 (0.0)

Recent oral prednisolone
0	  2404587 (97.8)	  2053458 (97.9)	  351,129 (96.8)
1	   55,027 (2.2)	   43,522 (2.1)	   11,505 (3.2)
.	        0 (0.0)	        0 (0.0)	        0 (0.0)

Recent hydroxychloroquine
0	  2444865 (99.4)	  2087625 (99.6)	  357,240 (98.5)
1	   14,749 (0.6)	    9,355 (0.4)	    5,394 (1.5)
.	        0 (0.0)	        0 (0.0)	        0 (0.0)

Recent Other DMARDs use
0	  2422085 (98.5)	  2073026 (98.9)	  349,059 (96.3)
1	   37,529 (1.5)	   23,954 (1.1)	   13,575 (3.7)
.	        0 (0.0)	        0 (0.0)	        0 (0.0)

GP consultation in last year (binary)
0	  216,221 (8.8)	  207,850 (9.9)	    8,371 (2.3)
1	  2243393 (91.2)	  1889130 (90.1)	  354,263 (97.7)
.	        0 (0.0)	        0 (0.0)	        0 (0.0)

A&E attendance rate in last year (binary)
0	  1981924 (80.6)	  1694671 (80.8)	  287,253 (79.2)
1	  477,690 (19.4)	  402,309 (19.2)	   75,381 (20.8)
.	        0 (0.0)	        0 (0.0)	        0 (0.0)



GP consultation count
Median (IQR)	6 (3-11)	6 (2-10)	8 (4-13)
Min, Max	0, 626	0, 626	0, 565
Age (years)
Median (IQR)	50 (37-61)	49 (37-60)	54 (43-64)
Min, Max	18, 110	18, 110	18, 103
A&E attendance count
Median (IQR)	0 (0-0)	0 (0-0)	0 (0-0)
Min, Max	0, 153	0, 127	0, 153
Number of days (follow-up) for ONS covid death
Median (IQR)	105 (105-105)	105 (105-105)	105 (105-105)
Min, Max	1, 105	1, 105	1, 105
