Table 1: Demographic and Clinical Characteristics - nsaid
	Total	non-current NSAID use	current NSAID use

1	  2454487 (100.0)	  1924095 (100.0)	  530,392 (100.0)

Grouped age
1	  711,478 (29.0)	  596,594 (31.0)	  114,884 (21.7)
2	  498,271 (20.3)	  396,273 (20.6)	  101,998 (19.2)
3	  555,055 (22.6)	  423,583 (22.0)	  131,472 (24.8)
4	  388,440 (15.8)	  283,615 (14.7)	  104,825 (19.8)
5	  230,690 (9.4)	  169,290 (8.8)	   61,400 (11.6)
6	   70,553 (2.9)	   54,740 (2.8)	   15,813 (3.0)

Male
0	  1407053 (57.3)	  1091674 (56.7)	  315,379 (59.5)
1	  1047434 (42.7)	  832,421 (43.3)	  215,013 (40.5)

Grouped BMI
1	   32,162 (1.3)	   26,253 (1.4)	    5,909 (1.1)
2	  596,686 (24.3)	  483,174 (25.1)	  113,512 (21.4)
3	  733,169 (29.9)	  575,669 (29.9)	  157,500 (29.7)
4	  436,605 (17.8)	  331,806 (17.2)	  104,799 (19.8)
5	  186,948 (7.6)	  137,267 (7.1)	   49,681 (9.4)
6	  100,553 (4.1)	   70,666 (3.7)	   29,887 (5.6)
.	  368,364 (15.0)	  299,260 (15.6)	   69,104 (13.0)

Smoking status
1	  1056733 (43.1)	  839,206 (43.6)	  217,527 (41.0)
2	  870,436 (35.5)	  665,175 (34.6)	  205,261 (38.7)
3	  490,574 (20.0)	  388,410 (20.2)	  102,164 (19.3)
.	   36,744 (1.5)	   31,304 (1.6)	    5,440 (1.0)

Smoking status (missing set to non)
1	  1093477 (44.6)	  870,510 (45.2)	  222,967 (42.0)
2	  870,436 (35.5)	  665,175 (34.6)	  205,261 (38.7)
3	  490,574 (20.0)	  388,410 (20.2)	  102,164 (19.3)
.	        0 (0.0)	        0 (0.0)	        0 (0.0)

Ethnicity
1	  1581914 (64.4)	  1229872 (63.9)	  352,042 (66.4)
2	   25,044 (1.0)	   20,415 (1.1)	    4,629 (0.9)
3	  184,621 (7.5)	  151,756 (7.9)	   32,865 (6.2)
4	   59,980 (2.4)	   49,486 (2.6)	   10,494 (2.0)
5	   37,097 (1.5)	   30,211 (1.6)	    6,886 (1.3)
.	  565,831 (23.1)	  442,355 (23.0)	  123,476 (23.3)

Index of Multiple Deprivation (IMD)
1	  493,217 (20.1)	  387,308 (20.1)	  105,909 (20.0)
2	  492,820 (20.1)	  385,477 (20.0)	  107,343 (20.2)
3	  487,258 (19.9)	  381,088 (19.8)	  106,170 (20.0)
4	  490,487 (20.0)	  384,665 (20.0)	  105,822 (20.0)
5	  490,705 (20.0)	  385,557 (20.0)	  105,148 (19.8)
.	        0 (0.0)	        0 (0.0)	        0 (0.0)

Diabetes Severity
1	  2218377 (90.4)	  1746979 (90.8)	  471,398 (88.9)
2	  163,808 (6.7)	  122,377 (6.4)	   41,431 (7.8)
3	   66,478 (2.7)	   50,205 (2.6)	   16,273 (3.1)
4	    5,824 (0.2)	    4,534 (0.2)	    1,290 (0.2)
.	        0 (0.0)	        0 (0.0)	        0 (0.0)

Diabetes Severity: group no Hb1AC with uncontrolled DM
1	  2218377 (90.4)	  1746979 (90.8)	  471,398 (88.9)
2	  163,808 (6.7)	  122,377 (6.4)	   41,431 (7.8)
3	   72,302 (2.9)	   54,739 (2.8)	   17,563 (3.3)
.	        0 (0.0)	        0 (0.0)	        0 (0.0)

Rheumatoid arthritis/osteoarthritis/both
0	  1894165 (77.2)	  1537854 (79.9)	  356,311 (67.2)
1	   30,102 (1.2)	   17,494 (0.9)	   12,608 (2.4)
2	  510,467 (20.8)	  357,615 (18.6)	  152,852 (28.8)
3	   19,753 (0.8)	   11,132 (0.6)	    8,621 (1.6)
.	        0 (0.0)	        0 (0.0)	        0 (0.0)

Diagnosed hypertension
0	  1974130 (80.4)	  1569930 (81.6)	  404,200 (76.2)
1	  480,357 (19.6)	  354,165 (18.4)	  126,192 (23.8)
.	        0 (0.0)	        0 (0.0)	        0 (0.0)

Heart Failure
0	  2442635 (99.5)	  1914618 (99.5)	  528,017 (99.6)
1	   11,852 (0.5)	    9,477 (0.5)	    2,375 (0.4)
.	        0 (0.0)	        0 (0.0)	        0 (0.0)

Other Heart Diseases
0	  2417861 (98.5)	  1896085 (98.5)	  521,776 (98.4)
1	   36,626 (1.5)	   28,010 (1.5)	    8,616 (1.6)
.	        0 (0.0)	        0 (0.0)	        0 (0.0)

Diabetes
0	  2218377 (90.4)	  1746979 (90.8)	  471,398 (88.9)
1	  236,110 (9.6)	  177,116 (9.2)	   58,994 (11.1)
.	        0 (0.0)	        0 (0.0)	        0 (0.0)

COPD
0	  2396483 (97.6)	  1881405 (97.8)	  515,078 (97.1)
1	   58,004 (2.4)	   42,690 (2.2)	   15,314 (2.9)
.	        0 (0.0)	        0 (0.0)	        0 (0.0)

Other Respiratory Diseases
0	  2431037 (99.0)	  1906767 (99.1)	  524,270 (98.8)
1	   23,450 (1.0)	   17,328 (0.9)	    6,122 (1.2)
.	        0 (0.0)	        0 (0.0)	        0 (0.0)

Cancer
0	  2327392 (94.8)	  1828825 (95.0)	  498,567 (94.0)
1	  127,095 (5.2)	   95,270 (5.0)	   31,825 (6.0)
.	        0 (0.0)	        0 (0.0)	        0 (0.0)

Immunosuppressed (combination algorithm)
0	  2442358 (99.5)	  1914832 (99.5)	  527,526 (99.5)
1	   12,129 (0.5)	    9,263 (0.5)	    2,866 (0.5)
.	        0 (0.0)	        0 (0.0)	        0 (0.0)

Chronic kidney disease
0	  2385523 (97.2)	  1872399 (97.3)	  513,124 (96.7)
1	   68,964 (2.8)	   51,696 (2.7)	   17,268 (3.3)
.	        0 (0.0)	        0 (0.0)	        0 (0.0)

Osteoarthritis
0	  1924267 (78.4)	  1555348 (80.8)	  368,919 (69.6)
1	  530,220 (21.6)	  368,747 (19.2)	  161,473 (30.4)
.	        0 (0.0)	        0 (0.0)	        0 (0.0)

Rheumatoid arthritis
0	  2404632 (98.0)	  1895469 (98.5)	  509,163 (96.0)
1	   49,855 (2.0)	   28,626 (1.5)	   21,229 (4.0)
.	        0 (0.0)	        0 (0.0)	        0 (0.0)

Flu vaccine
0	  1859259 (75.7)	  1489109 (77.4)	  370,150 (69.8)
1	  595,228 (24.3)	  434,986 (22.6)	  160,242 (30.2)
.	        0 (0.0)	        0 (0.0)	        0 (0.0)

Pneumococcal Vaccine
0	  2293804 (93.5)	  1807723 (94.0)	  486,081 (91.6)
1	  160,683 (6.5)	  116,372 (6.0)	   44,311 (8.4)
.	        0 (0.0)	        0 (0.0)	        0 (0.0)

Recent Statin
0	  2144580 (87.4)	  1700339 (88.4)	  444,241 (83.8)
1	  309,907 (12.6)	  223,756 (11.6)	   86,151 (16.2)
.	        0 (0.0)	        0 (0.0)	        0 (0.0)

Recent PPIs
0	  1846471 (75.2)	  1655291 (86.0)	  191,180 (36.0)
1	  608,016 (24.8)	  268,804 (14.0)	  339,212 (64.0)
.	        0 (0.0)	        0 (0.0)	        0 (0.0)

Recent oral prednisolone
0	  2399650 (97.8)	  1885107 (98.0)	  514,543 (97.0)
1	   54,837 (2.2)	   38,988 (2.0)	   15,849 (3.0)
.	        0 (0.0)	        0 (0.0)	        0 (0.0)

Recent hydroxychloroquine
0	  2439783 (99.4)	  1916019 (99.6)	  523,764 (98.8)
1	   14,704 (0.6)	    8,076 (0.4)	    6,628 (1.2)
.	        0 (0.0)	        0 (0.0)	        0 (0.0)

Recent Other DMARDs use
0	  2417128 (98.5)	  1903353 (98.9)	  513,775 (96.9)
1	   37,359 (1.5)	   20,742 (1.1)	   16,617 (3.1)
.	        0 (0.0)	        0 (0.0)	        0 (0.0)

GP consultation in last year (binary)
0	  215,932 (8.8)	  204,798 (10.6)	   11,134 (2.1)
1	  2238555 (91.2)	  1719297 (89.4)	  519,258 (97.9)
.	        0 (0.0)	        0 (0.0)	        0 (0.0)

A&E attendance rate in last year (binary)
0	  1977775 (80.6)	  1560412 (81.1)	  417,363 (78.7)
1	  476,712 (19.4)	  363,683 (18.9)	  113,029 (21.3)
.	        0 (0.0)	        0 (0.0)	        0 (0.0)



GP consultation count
Median (IQR)	6 (3-11)	5 (2-10)	8 (4-13)
Min, Max	0, 626	0, 626	0, 576
Age (years)
Median (IQR)	50 (37-61)	49 (36-60)	53 (42-64)
Min, Max	18, 110	18, 110	18, 103
A&E attendance count
Median (IQR)	0 (0-0)	0 (0-0)	0 (0-0)
Min, Max	0, 153	0, 127	0, 153
Number of days (follow-up) for ONS covid death
Median (IQR)	105 (105-105)	105 (105-105)	105 (105-105)
Min, Max	1, 105	1, 105	1, 105
