Table 12: Demographic and Clinical Characteristics - Rheumatoid_arthritis_&_osteoarthritis
	Total	no current use of NSAIDs	Cox-2 specific NSAIDs	Other specific NSAIDs

1	  1708781 (100.0)	  1533286 (100.0)	   12,559 (100.0)

Grouped age
1	   37,391 (2.2)	   32,958 (2.1)	      459 (3.7)
2	  113,683 (6.7)	   97,870 (6.4)	    1,310 (10.4)
3	  337,583 (19.8)	  292,186 (19.1)	    3,158 (25.1)
4	  473,436 (27.7)	  416,489 (27.2)	    3,818 (30.4)
5	  477,827 (28.0)	  436,477 (28.5)	    2,894 (23.0)
6	  268,861 (15.7)	  257,306 (16.8)	      920 (7.3)

Male
0	  1061943 (62.1)	  951,417 (62.1)	    8,725 (69.5)
1	  646,838 (37.9)	  581,869 (37.9)	    3,834 (30.5)

Grouped BMI
1	   20,876 (1.2)	   19,616 (1.3)	      118 (0.9)
2	  410,764 (24.0)	  379,233 (24.7)	    2,530 (20.1)
3	  573,989 (33.6)	  518,602 (33.8)	    3,938 (31.4)
4	  339,018 (19.8)	  298,505 (19.5)	    2,759 (22.0)
5	  139,348 (8.2)	  119,286 (7.8)	    1,427 (11.4)
6	   71,197 (4.2)	   58,801 (3.8)	      853 (6.8)
.	  153,589 (9.0)	  139,243 (9.1)	      934 (7.4)

Smoking status
1	  743,116 (43.5)	  672,833 (43.9)	    4,957 (39.5)
2	  773,147 (45.2)	  692,164 (45.1)	    5,887 (46.9)
3	  188,377 (11.0)	  164,464 (10.7)	    1,695 (13.5)
.	    4,141 (0.2)	    3,825 (0.2)	       20 (0.2)

Smoking status (missing set to non)
1	  747,257 (43.7)	  676,658 (44.1)	    4,977 (39.6)
2	  773,147 (45.2)	  692,164 (45.1)	    5,887 (46.9)
3	  188,377 (11.0)	  164,464 (10.7)	    1,695 (13.5)
.	        0 (0.0)	        0 (0.0)	        0 (0.0)

Ethnicity
1	  1221055 (71.5)	  1095982 (71.5)	    8,939 (71.2)
2	    7,393 (0.4)	    6,563 (0.4)	       37 (0.3)
3	   58,556 (3.4)	   51,587 (3.4)	      434 (3.5)
4	   19,751 (1.2)	   17,645 (1.2)	       99 (0.8)
5	   12,157 (0.7)	   10,916 (0.7)	       99 (0.8)
.	  389,869 (22.8)	  350,593 (22.9)	    2,951 (23.5)

Index of Multiple Deprivation (IMD)
1	  344,498 (20.2)	  313,701 (20.5)	    2,309 (18.4)
2	  342,318 (20.0)	  309,372 (20.2)	    2,406 (19.2)
3	  342,266 (20.0)	  307,669 (20.1)	    2,606 (20.8)
4	  340,541 (19.9)	  303,859 (19.8)	    2,567 (20.4)
5	  339,158 (19.8)	  298,685 (19.5)	    2,671 (21.3)
.	        0 (0.0)	        0 (0.0)	        0 (0.0)

Diabetes Severity
1	  1442997 (84.4)	  1293742 (84.4)	   10,763 (85.7)
2	  196,932 (11.5)	  177,397 (11.6)	    1,347 (10.7)
3	   64,738 (3.8)	   58,452 (3.8)	      411 (3.3)
4	    4,114 (0.2)	    3,695 (0.2)	       38 (0.3)
.	        0 (0.0)	        0 (0.0)	        0 (0.0)

Diabetes Severity: group no Hb1AC with uncontrolled DM
1	  1442997 (84.4)	  1293742 (84.4)	   10,763 (85.7)
2	  196,932 (11.5)	  177,397 (11.6)	    1,347 (10.7)
3	   68,852 (4.0)	   62,147 (4.1)	      449 (3.6)
.	        0 (0.0)	        0 (0.0)	        0 (0.0)

Rheumatoid arthritis/osteoarthritis/both
.	        0 (0.0)	        0 (0.0)	        0 (0.0)
1	   72,272 (4.2)	   59,453 (3.9)	    1,822 (14.5)
2	  1592199 (93.2)	  1438230 (93.8)	    9,354 (74.5)
3	   44,310 (2.6)	   35,603 (2.3)	    1,383 (11.0)
.	        0 (0.0)	        0 (0.0)	        0 (0.0)

Diagnosed hypertension
0	  1017436 (59.5)	  908,039 (59.2)	    7,756 (61.8)
1	  691,345 (40.5)	  625,247 (40.8)	    4,803 (38.2)
.	        0 (0.0)	        0 (0.0)	        0 (0.0)

Heart Failure
0	  1670480 (97.8)	  1496398 (97.6)	   12,436 (99.0)
1	   38,301 (2.2)	   36,888 (2.4)	      123 (1.0)
.	        0 (0.0)	        0 (0.0)	        0 (0.0)

Other Heart Diseases
0	  1646603 (96.4)	  1475310 (96.2)	   12,231 (97.4)
1	   62,178 (3.6)	   57,976 (3.8)	      328 (2.6)
.	        0 (0.0)	        0 (0.0)	        0 (0.0)

Diabetes
0	  1442997 (84.4)	  1293742 (84.4)	   10,763 (85.7)
1	  265,784 (15.6)	  239,544 (15.6)	    1,796 (14.3)
.	        0 (0.0)	        0 (0.0)	        0 (0.0)

COPD
0	  1614550 (94.5)	  1447428 (94.4)	   11,893 (94.7)
1	   94,231 (5.5)	   85,858 (5.6)	      666 (5.3)
.	        0 (0.0)	        0 (0.0)	        0 (0.0)

Other Respiratory Diseases
0	  1667098 (97.6)	  1495038 (97.5)	   12,222 (97.3)
1	   41,683 (2.4)	   38,248 (2.5)	      337 (2.7)
.	        0 (0.0)	        0 (0.0)	        0 (0.0)

Cancer
0	  1518194 (88.8)	  1358639 (88.6)	   11,408 (90.8)
1	  190,587 (11.2)	  174,647 (11.4)	    1,151 (9.2)
.	        0 (0.0)	        0 (0.0)	        0 (0.0)

Immunosuppressed (combination algorithm)
0	  1699274 (99.4)	  1524788 (99.4)	   12,455 (99.2)
1	    9,507 (0.6)	    8,498 (0.6)	      104 (0.8)
.	        0 (0.0)	        0 (0.0)	        0 (0.0)

Chronic kidney disease
0	  1532648 (89.7)	  1368301 (89.2)	   11,464 (91.3)
1	  176,133 (10.3)	  164,985 (10.8)	    1,095 (8.7)
.	        0 (0.0)	        0 (0.0)	        0 (0.0)

Osteoarthritis
0	   72,272 (4.2)	   59,453 (3.9)	    1,822 (14.5)
1	  1636509 (95.8)	  1473833 (96.1)	   10,737 (85.5)
.	        0 (0.0)	        0 (0.0)	        0 (0.0)

Rheumatoid arthritis
0	  1592199 (93.2)	  1438230 (93.8)	    9,354 (74.5)
1	  116,582 (6.8)	   95,056 (6.2)	    3,205 (25.5)
.	        0 (0.0)	        0 (0.0)	        0 (0.0)

Flu vaccine
0	  816,202 (47.8)	  727,222 (47.4)	    5,662 (45.1)
1	  892,579 (52.2)	  806,064 (52.6)	    6,897 (54.9)
.	        0 (0.0)	        0 (0.0)	        0 (0.0)

Pneumococcal Vaccine
0	  1490892 (87.2)	  1340141 (87.4)	   10,491 (83.5)
1	  217,889 (12.8)	  193,145 (12.6)	    2,068 (16.5)
.	        0 (0.0)	        0 (0.0)	        0 (0.0)

Recent Statin
0	  1246641 (73.0)	  1118166 (72.9)	    9,319 (74.2)
1	  462,140 (27.0)	  415,120 (27.1)	    3,240 (25.8)
.	        0 (0.0)	        0 (0.0)	        0 (0.0)

Recent PPIs
0	  1200137 (70.2)	  1161822 (75.8)	    3,521 (28.0)
1	  508,644 (29.8)	  371,464 (24.2)	    9,038 (72.0)
.	        0 (0.0)	        0 (0.0)	        0 (0.0)

Recent oral prednisolone
0	  1639260 (95.9)	  1472030 (96.0)	   11,586 (92.3)
1	   69,521 (4.1)	   61,256 (4.0)	      973 (7.7)
.	        0 (0.0)	        0 (0.0)	        0 (0.0)

Recent hydroxychloroquine
0	  1686894 (98.7)	  1516503 (98.9)	   11,775 (93.8)
1	   21,887 (1.3)	   16,783 (1.1)	      784 (6.2)
.	        0 (0.0)	        0 (0.0)	        0 (0.0)

Recent Other DMARDs use
0	  1647209 (96.4)	  1484467 (96.8)	   10,543 (83.9)
1	   61,572 (3.6)	   48,819 (3.2)	    2,016 (16.1)
.	        0 (0.0)	        0 (0.0)	        0 (0.0)

GP consultation in last year (binary)
0	  132,876 (7.8)	  128,212 (8.4)	      326 (2.6)
1	  1575905 (92.2)	  1405074 (91.6)	   12,233 (97.4)
.	        0 (0.0)	        0 (0.0)	        0 (0.0)

A&E attendance rate in last year (binary)
0	  1402196 (82.1)	  1261555 (82.3)	    9,956 (79.3)
1	  306,585 (17.9)	  271,731 (17.7)	    2,603 (20.7)
.	        0 (0.0)	        0 (0.0)	        0 (0.0)



GP consultation count
Median (IQR)	6 (3-12)	6 (3-11)	9 (5-16)	8 (5-14)
Min, Max	0, 468	0, 468	0, 225	0, 360
Age (years)
Median (IQR)	67 (58-75)	68 (58-76)	63 (54-71)	63 (55-71)
Min, Max	18, 110	18, 110	19, 100	18, 103
A&E attendance count
Median (IQR)	0 (0-0)	0 (0-0)	0 (0-0)	0 (0-0)
Min, Max	0, 71	0, 71	0, 24	0, 63
Number of days (follow-up) for ONS covid death
Median (IQR)	105 (105-105)	105 (105-105)	105 (105-105)	105 (105-105)
Min, Max	1, 105	1, 105	4, 105	1, 105
