Table 8: Demographic and Clinical Characteristics - Rheumatoid_arthritis_&_osteoarthritis
	Total	no current use of NSAIDs	low dose naproxen	high dose naproxen	other NSAIDs

1	  1708781 (100.0)	  1533286 (100.0)	   36,132 (100.0)

Grouped age
1	   37,391 (2.2)	   32,958 (2.1)	      752 (2.1)
2	  113,683 (6.7)	   97,870 (6.4)	    2,705 (7.5)
3	  337,583 (19.8)	  292,186 (19.1)	    8,123 (22.5)
4	  473,436 (27.7)	  416,489 (27.2)	   11,904 (32.9)
5	  477,827 (28.0)	  436,477 (28.5)	    9,592 (26.5)
6	  268,861 (15.7)	  257,306 (16.8)	    3,056 (8.5)

Male
0	  1061943 (62.1)	  951,417 (62.1)	   23,929 (66.2)
1	  646,838 (37.9)	  581,869 (37.9)	   12,203 (33.8)

Grouped BMI
1	   20,876 (1.2)	   19,616 (1.3)	      278 (0.8)
2	  410,764 (24.0)	  379,233 (24.7)	    6,925 (19.2)
3	  573,989 (33.6)	  518,602 (33.8)	   11,739 (32.5)
4	  339,018 (19.8)	  298,505 (19.5)	    8,307 (23.0)
5	  139,348 (8.2)	  119,286 (7.8)	    3,919 (10.8)
6	   71,197 (4.2)	   58,801 (3.8)	    2,296 (6.4)
.	  153,589 (9.0)	  139,243 (9.1)	    2,668 (7.4)

Smoking status
1	  743,116 (43.5)	  672,833 (43.9)	   14,961 (41.4)
2	  773,147 (45.2)	  692,164 (45.1)	   16,693 (46.2)
3	  188,377 (11.0)	  164,464 (10.7)	    4,423 (12.2)
.	    4,141 (0.2)	    3,825 (0.2)	       55 (0.2)

Smoking status (missing set to non)
1	  747,257 (43.7)	  676,658 (44.1)	   15,016 (41.6)
2	  773,147 (45.2)	  692,164 (45.1)	   16,693 (46.2)
3	  188,377 (11.0)	  164,464 (10.7)	    4,423 (12.2)
.	        0 (0.0)	        0 (0.0)	        0 (0.0)

Ethnicity
1	  1221055 (71.5)	  1095982 (71.5)	   25,805 (71.4)
2	    7,393 (0.4)	    6,563 (0.4)	      186 (0.5)
3	   58,556 (3.4)	   51,587 (3.4)	    1,862 (5.2)
4	   19,751 (1.2)	   17,645 (1.2)	      431 (1.2)
5	   12,157 (0.7)	   10,916 (0.7)	      274 (0.8)
.	  389,869 (22.8)	  350,593 (22.9)	    7,574 (21.0)

Index of Multiple Deprivation (IMD)
1	  344,498 (20.2)	  313,701 (20.5)	    6,365 (17.6)
2	  342,318 (20.0)	  309,372 (20.2)	    6,753 (18.7)
3	  342,266 (20.0)	  307,669 (20.1)	    7,067 (19.6)
4	  340,541 (19.9)	  303,859 (19.8)	    7,607 (21.1)
5	  339,158 (19.8)	  298,685 (19.5)	    8,340 (23.1)
.	        0 (0.0)	        0 (0.0)	        0 (0.0)

Diabetes Severity
1	  1442997 (84.4)	  1293742 (84.4)	   30,355 (84.0)
2	  196,932 (11.5)	  177,397 (11.6)	    4,401 (12.2)
3	   64,738 (3.8)	   58,452 (3.8)	    1,284 (3.6)
4	    4,114 (0.2)	    3,695 (0.2)	       92 (0.3)
.	        0 (0.0)	        0 (0.0)	        0 (0.0)

Diabetes Severity: group no Hb1AC with uncontrolled DM
1	  1442997 (84.4)	  1293742 (84.4)	   30,355 (84.0)
2	  196,932 (11.5)	  177,397 (11.6)	    4,401 (12.2)
3	   68,852 (4.0)	   62,147 (4.1)	    1,376 (3.8)
.	        0 (0.0)	        0 (0.0)	        0 (0.0)

Rheumatoid arthritis/osteoarthritis/both
.	        0 (0.0)	        0 (0.0)	        0 (0.0)
1	   72,272 (4.2)	   59,453 (3.9)	    2,120 (5.9)
2	  1592199 (93.2)	  1438230 (93.8)	   32,543 (90.1)
3	   44,310 (2.6)	   35,603 (2.3)	    1,469 (4.1)
.	        0 (0.0)	        0 (0.0)	        0 (0.0)

Diagnosed hypertension
0	  1017436 (59.5)	  908,039 (59.2)	   21,720 (60.1)
1	  691,345 (40.5)	  625,247 (40.8)	   14,412 (39.9)
.	        0 (0.0)	        0 (0.0)	        0 (0.0)

Heart Failure
0	  1670480 (97.8)	  1496398 (97.6)	   35,815 (99.1)
1	   38,301 (2.2)	   36,888 (2.4)	      317 (0.9)
.	        0 (0.0)	        0 (0.0)	        0 (0.0)

Other Heart Diseases
0	  1646603 (96.4)	  1475310 (96.2)	   35,244 (97.5)
1	   62,178 (3.6)	   57,976 (3.8)	      888 (2.5)
.	        0 (0.0)	        0 (0.0)	        0 (0.0)

Diabetes
0	  1442997 (84.4)	  1293742 (84.4)	   30,355 (84.0)
1	  265,784 (15.6)	  239,544 (15.6)	    5,777 (16.0)
.	        0 (0.0)	        0 (0.0)	        0 (0.0)

COPD
0	  1614550 (94.5)	  1447428 (94.4)	   34,306 (94.9)
1	   94,231 (5.5)	   85,858 (5.6)	    1,826 (5.1)
.	        0 (0.0)	        0 (0.0)	        0 (0.0)

Other Respiratory Diseases
0	  1667098 (97.6)	  1495038 (97.5)	   35,403 (98.0)
1	   41,683 (2.4)	   38,248 (2.5)	      729 (2.0)
.	        0 (0.0)	        0 (0.0)	        0 (0.0)

Cancer
0	  1518194 (88.8)	  1358639 (88.6)	   32,737 (90.6)
1	  190,587 (11.2)	  174,647 (11.4)	    3,395 (9.4)
.	        0 (0.0)	        0 (0.0)	        0 (0.0)

Immunosuppressed (combination algorithm)
0	  1699274 (99.4)	  1524788 (99.4)	   35,947 (99.5)
1	    9,507 (0.6)	    8,498 (0.6)	      185 (0.5)
.	        0 (0.0)	        0 (0.0)	        0 (0.0)

Chronic kidney disease
0	  1532648 (89.7)	  1368301 (89.2)	   33,585 (93.0)
1	  176,133 (10.3)	  164,985 (10.8)	    2,547 (7.0)
.	        0 (0.0)	        0 (0.0)	        0 (0.0)

Osteoarthritis
0	   72,272 (4.2)	   59,453 (3.9)	    2,120 (5.9)
1	  1636509 (95.8)	  1473833 (96.1)	   34,012 (94.1)
.	        0 (0.0)	        0 (0.0)	        0 (0.0)

Rheumatoid arthritis
0	  1592199 (93.2)	  1438230 (93.8)	   32,543 (90.1)
1	  116,582 (6.8)	   95,056 (6.2)	    3,589 (9.9)
.	        0 (0.0)	        0 (0.0)	        0 (0.0)

Flu vaccine
0	  816,202 (47.8)	  727,222 (47.4)	   17,203 (47.6)
1	  892,579 (52.2)	  806,064 (52.6)	   18,929 (52.4)
.	        0 (0.0)	        0 (0.0)	        0 (0.0)

Pneumococcal Vaccine
0	  1490892 (87.2)	  1340141 (87.4)	   30,805 (85.3)
1	  217,889 (12.8)	  193,145 (12.6)	    5,327 (14.7)
.	        0 (0.0)	        0 (0.0)	        0 (0.0)

Recent Statin
0	  1246641 (73.0)	  1118166 (72.9)	   25,628 (70.9)
1	  462,140 (27.0)	  415,120 (27.1)	   10,504 (29.1)
.	        0 (0.0)	        0 (0.0)	        0 (0.0)

Recent PPIs
0	  1200137 (70.2)	  1161822 (75.8)	    6,767 (18.7)
1	  508,644 (29.8)	  371,464 (24.2)	   29,365 (81.3)
.	        0 (0.0)	        0 (0.0)	        0 (0.0)

Recent oral prednisolone
0	  1639260 (95.9)	  1472030 (96.0)	   34,613 (95.8)
1	   69,521 (4.1)	   61,256 (4.0)	    1,519 (4.2)
.	        0 (0.0)	        0 (0.0)	        0 (0.0)

Recent hydroxychloroquine
0	  1686894 (98.7)	  1516503 (98.9)	   35,281 (97.6)
1	   21,887 (1.3)	   16,783 (1.1)	      851 (2.4)
.	        0 (0.0)	        0 (0.0)	        0 (0.0)

Recent Other DMARDs use
0	  1647209 (96.4)	  1484467 (96.8)	   34,034 (94.2)
1	   61,572 (3.6)	   48,819 (3.2)	    2,098 (5.8)
.	        0 (0.0)	        0 (0.0)	        0 (0.0)

GP consultation in last year (binary)
0	  132,876 (7.8)	  128,212 (8.4)	      967 (2.7)
1	  1575905 (92.2)	  1405074 (91.6)	   35,165 (97.3)
.	        0 (0.0)	        0 (0.0)	        0 (0.0)

A&E attendance rate in last year (binary)
0	  1402196 (82.1)	  1261555 (82.3)	   29,071 (80.5)
1	  306,585 (17.9)	  271,731 (17.7)	    7,061 (19.5)
.	        0 (0.0)	        0 (0.0)	        0 (0.0)



GP consultation count
Median (IQR)	6 (3-12)	6 (3-11)	8 (5-14)	8 (5-14)	8 (5-14)
Min, Max	0, 468	0, 468	0, 360	0, 318	0, 260
Age (years)
Median (IQR)	67 (58-75)	68 (58-76)	65 (57-72)	61 (54-68)	66 (57-73)
Min, Max	18, 110	18, 110	18, 101	18, 100	18, 103
A&E attendance count
Median (IQR)	0 (0-0)	0 (0-0)	0 (0-0)	0 (0-0)	0 (0-0)
Min, Max	0, 71	0, 71	0, 26	0, 36	0, 63
Number of days (follow-up) for ONS covid death
Median (IQR)	105 (105-105)	105 (105-105)	105 (105-105)	105 (105-105)	105 (105-105)
Min, Max	1, 105	1, 105	1, 105	1, 105	1, 105
