Table 16: Demographic and Clinical Characteristics - Rheumatoid_arthritis_&_osteoarthritis
	Total	no current use of NSAIDs	ibuprofen	other NSAIDs

1	  1708781 (100.0)	  1533286 (100.0)	   21,877 (100.0)	  153,618 (100.0)

Grouped age
1	   37,391 (2.2)	   32,958 (2.1)	      318 (1.5)	    4,115 (2.7)
2	  113,683 (6.7)	   97,870 (6.4)	    1,096 (5.0)	   14,717 (9.6)
3	  337,583 (19.8)	  292,186 (19.1)	    3,687 (16.9)	   41,710 (27.2)
4	  473,436 (27.7)	  416,489 (27.2)	    6,744 (30.8)	   50,203 (32.7)
5	  477,827 (28.0)	  436,477 (28.5)	    7,234 (33.1)	   34,116 (22.2)
6	  268,861 (15.7)	  257,306 (16.8)	    2,798 (12.8)	    8,757 (5.7)

Male
0	  1061943 (62.1)	  951,417 (62.1)	   14,420 (65.9)	   96,106 (62.6)
1	  646,838 (37.9)	  581,869 (37.9)	    7,457 (34.1)	   57,512 (37.4)

Grouped BMI
1	   20,876 (1.2)	   19,616 (1.3)	      232 (1.1)	    1,028 (0.7)
2	  410,764 (24.0)	  379,233 (24.7)	    4,288 (19.6)	   27,243 (17.7)
3	  573,989 (33.6)	  518,602 (33.8)	    6,990 (32.0)	   48,397 (31.5)
4	  339,018 (19.8)	  298,505 (19.5)	    4,875 (22.3)	   35,638 (23.2)
5	  139,348 (8.2)	  119,286 (7.8)	    2,331 (10.7)	   17,731 (11.5)
6	   71,197 (4.2)	   58,801 (3.8)	    1,400 (6.4)	   10,996 (7.2)
.	  153,589 (9.0)	  139,243 (9.1)	    1,761 (8.0)	   12,585 (8.2)

Smoking status
1	  743,116 (43.5)	  672,833 (43.9)	    8,708 (39.8)	   61,575 (40.1)
2	  773,147 (45.2)	  692,164 (45.1)	   10,346 (47.3)	   70,637 (46.0)
3	  188,377 (11.0)	  164,464 (10.7)	    2,787 (12.7)	   21,126 (13.8)
.	    4,141 (0.2)	    3,825 (0.2)	       36 (0.2)	      280 (0.2)

Smoking status (missing set to non)
1	  747,257 (43.7)	  676,658 (44.1)	    8,744 (40.0)	   61,855 (40.3)
2	  773,147 (45.2)	  692,164 (45.1)	   10,346 (47.3)	   70,637 (46.0)
3	  188,377 (11.0)	  164,464 (10.7)	    2,787 (12.7)	   21,126 (13.8)
.	        0 (0.0)	        0 (0.0)	        0 (0.0)	        0 (0.0)

Ethnicity
1	  1221055 (71.5)	  1095982 (71.5)	   15,490 (70.8)	  109,583 (71.3)
2	    7,393 (0.4)	    6,563 (0.4)	       86 (0.4)	      744 (0.5)
3	   58,556 (3.4)	   51,587 (3.4)	      869 (4.0)	    6,100 (4.0)
4	   19,751 (1.2)	   17,645 (1.2)	      182 (0.8)	    1,924 (1.3)
5	   12,157 (0.7)	   10,916 (0.7)	      144 (0.7)	    1,097 (0.7)
.	  389,869 (22.8)	  350,593 (22.9)	    5,106 (23.3)	   34,170 (22.2)

Index of Multiple Deprivation (IMD)
1	  344,498 (20.2)	  313,701 (20.5)	    3,806 (17.4)	   26,991 (17.6)
2	  342,318 (20.0)	  309,372 (20.2)	    4,023 (18.4)	   28,923 (18.8)
3	  342,266 (20.0)	  307,669 (20.1)	    4,474 (20.5)	   30,123 (19.6)
4	  340,541 (19.9)	  303,859 (19.8)	    4,649 (21.3)	   32,033 (20.9)
5	  339,158 (19.8)	  298,685 (19.5)	    4,925 (22.5)	   35,548 (23.1)
.	        0 (0.0)	        0 (0.0)	        0 (0.0)	        0 (0.0)

Diabetes Severity
1	  1442997 (84.4)	  1293742 (84.4)	   18,197 (83.2)	  131,058 (85.3)
2	  196,932 (11.5)	  177,397 (11.6)	    2,712 (12.4)	   16,823 (11.0)
3	   64,738 (3.8)	   58,452 (3.8)	      920 (4.2)	    5,366 (3.5)
4	    4,114 (0.2)	    3,695 (0.2)	       48 (0.2)	      371 (0.2)
.	        0 (0.0)	        0 (0.0)	        0 (0.0)	        0 (0.0)

Diabetes Severity: group no Hb1AC with uncontrolled DM
1	  1442997 (84.4)	  1293742 (84.4)	   18,197 (83.2)	  131,058 (85.3)
2	  196,932 (11.5)	  177,397 (11.6)	    2,712 (12.4)	   16,823 (11.0)
3	   68,852 (4.0)	   62,147 (4.1)	      968 (4.4)	    5,737 (3.7)
.	        0 (0.0)	        0 (0.0)	        0 (0.0)	        0 (0.0)

Rheumatoid arthritis/osteoarthritis/both
.	        0 (0.0)	        0 (0.0)	        0 (0.0)	        0 (0.0)
1	   72,272 (4.2)	   59,453 (3.9)	    1,263 (5.8)	   11,556 (7.5)
2	  1592199 (93.2)	  1438230 (93.8)	   19,692 (90.0)	  134,277 (87.4)
3	   44,310 (2.6)	   35,603 (2.3)	      922 (4.2)	    7,785 (5.1)
.	        0 (0.0)	        0 (0.0)	        0 (0.0)	        0 (0.0)

Diagnosed hypertension
0	  1017436 (59.5)	  908,039 (59.2)	   12,684 (58.0)	   96,713 (63.0)
1	  691,345 (40.5)	  625,247 (40.8)	    9,193 (42.0)	   56,905 (37.0)
.	        0 (0.0)	        0 (0.0)	        0 (0.0)	        0 (0.0)

Heart Failure
0	  1670480 (97.8)	  1496398 (97.6)	   21,628 (98.9)	  152,454 (99.2)
1	   38,301 (2.2)	   36,888 (2.4)	      249 (1.1)	    1,164 (0.8)
.	        0 (0.0)	        0 (0.0)	        0 (0.0)	        0 (0.0)

Other Heart Diseases
0	  1646603 (96.4)	  1475310 (96.2)	   21,270 (97.2)	  150,023 (97.7)
1	   62,178 (3.6)	   57,976 (3.8)	      607 (2.8)	    3,595 (2.3)
.	        0 (0.0)	        0 (0.0)	        0 (0.0)	        0 (0.0)

Diabetes
0	  1442997 (84.4)	  1293742 (84.4)	   18,197 (83.2)	  131,058 (85.3)
1	  265,784 (15.6)	  239,544 (15.6)	    3,680 (16.8)	   22,560 (14.7)
.	        0 (0.0)	        0 (0.0)	        0 (0.0)	        0 (0.0)

COPD
0	  1614550 (94.5)	  1447428 (94.4)	   20,580 (94.1)	  146,542 (95.4)
1	   94,231 (5.5)	   85,858 (5.6)	    1,297 (5.9)	    7,076 (4.6)
.	        0 (0.0)	        0 (0.0)	        0 (0.0)	        0 (0.0)

Other Respiratory Diseases
0	  1667098 (97.6)	  1495038 (97.5)	   21,320 (97.5)	  150,740 (98.1)
1	   41,683 (2.4)	   38,248 (2.5)	      557 (2.5)	    2,878 (1.9)
.	        0 (0.0)	        0 (0.0)	        0 (0.0)	        0 (0.0)

Cancer
0	  1518194 (88.8)	  1358639 (88.6)	   19,129 (87.4)	  140,426 (91.4)
1	  190,587 (11.2)	  174,647 (11.4)	    2,748 (12.6)	   13,192 (8.6)
.	        0 (0.0)	        0 (0.0)	        0 (0.0)	        0 (0.0)

Immunosuppressed (combination algorithm)
0	  1699274 (99.4)	  1524788 (99.4)	   21,744 (99.4)	  152,742 (99.4)
1	    9,507 (0.6)	    8,498 (0.6)	      133 (0.6)	      876 (0.6)
.	        0 (0.0)	        0 (0.0)	        0 (0.0)	        0 (0.0)

Chronic kidney disease
0	  1532648 (89.7)	  1368301 (89.2)	   20,124 (92.0)	  144,223 (93.9)
1	  176,133 (10.3)	  164,985 (10.8)	    1,753 (8.0)	    9,395 (6.1)
.	        0 (0.0)	        0 (0.0)	        0 (0.0)	        0 (0.0)

Osteoarthritis
0	   72,272 (4.2)	   59,453 (3.9)	    1,263 (5.8)	   11,556 (7.5)
1	  1636509 (95.8)	  1473833 (96.1)	   20,614 (94.2)	  142,062 (92.5)
.	        0 (0.0)	        0 (0.0)	        0 (0.0)	        0 (0.0)

Rheumatoid arthritis
0	  1592199 (93.2)	  1438230 (93.8)	   19,692 (90.0)	  134,277 (87.4)
1	  116,582 (6.8)	   95,056 (6.2)	    2,185 (10.0)	   19,341 (12.6)
.	        0 (0.0)	        0 (0.0)	        0 (0.0)	        0 (0.0)

Flu vaccine
0	  816,202 (47.8)	  727,222 (47.4)	    8,761 (40.0)	   80,219 (52.2)
1	  892,579 (52.2)	  806,064 (52.6)	   13,116 (60.0)	   73,399 (47.8)
.	        0 (0.0)	        0 (0.0)	        0 (0.0)	        0 (0.0)

Pneumococcal Vaccine
0	  1490892 (87.2)	  1340141 (87.4)	   18,540 (84.7)	  132,211 (86.1)
1	  217,889 (12.8)	  193,145 (12.6)	    3,337 (15.3)	   21,407 (13.9)
.	        0 (0.0)	        0 (0.0)	        0 (0.0)	        0 (0.0)

Recent Statin
0	  1246641 (73.0)	  1118166 (72.9)	   15,017 (68.6)	  113,458 (73.9)
1	  462,140 (27.0)	  415,120 (27.1)	    6,860 (31.4)	   40,160 (26.1)
.	        0 (0.0)	        0 (0.0)	        0 (0.0)	        0 (0.0)

Recent PPIs
0	  1200137 (70.2)	  1161822 (75.8)	    5,514 (25.2)	   32,801 (21.4)
1	  508,644 (29.8)	  371,464 (24.2)	   16,363 (74.8)	  120,817 (78.6)
.	        0 (0.0)	        0 (0.0)	        0 (0.0)	        0 (0.0)

Recent oral prednisolone
0	  1639260 (95.9)	  1472030 (96.0)	   20,772 (94.9)	  146,458 (95.3)
1	   69,521 (4.1)	   61,256 (4.0)	    1,105 (5.1)	    7,160 (4.7)
.	        0 (0.0)	        0 (0.0)	        0 (0.0)	        0 (0.0)

Recent hydroxychloroquine
0	  1686894 (98.7)	  1516503 (98.9)	   21,403 (97.8)	  148,988 (97.0)
1	   21,887 (1.3)	   16,783 (1.1)	      474 (2.2)	    4,630 (3.0)
.	        0 (0.0)	        0 (0.0)	        0 (0.0)	        0 (0.0)

Recent Other DMARDs use
0	  1647209 (96.4)	  1484467 (96.8)	   20,656 (94.4)	  142,086 (92.5)
1	   61,572 (3.6)	   48,819 (3.2)	    1,221 (5.6)	   11,532 (7.5)
.	        0 (0.0)	        0 (0.0)	        0 (0.0)	        0 (0.0)

GP consultation in last year (binary)
0	  132,876 (7.8)	  128,212 (8.4)	      724 (3.3)	    3,940 (2.6)
1	  1575905 (92.2)	  1405074 (91.6)	   21,153 (96.7)	  149,678 (97.4)
.	        0 (0.0)	        0 (0.0)	        0 (0.0)	        0 (0.0)

A&E attendance rate in last year (binary)
0	  1402196 (82.1)	  1261555 (82.3)	   17,653 (80.7)	  122,988 (80.1)
1	  306,585 (17.9)	  271,731 (17.7)	    4,224 (19.3)	   30,630 (19.9)
.	        0 (0.0)	        0 (0.0)	        0 (0.0)	        0 (0.0)



GP consultation count
Median (IQR)	6 (3-12)	6 (3-11)	8 (5-14)	8 (5-14)
Min, Max	0, 468	0, 468	0, 260	0, 360
Age (years)
Median (IQR)	67 (58-75)	68 (58-76)	68 (60-75)	63 (55-71)
Min, Max	18, 110	18, 110	18, 103	18, 101
A&E attendance count
Median (IQR)	0 (0-0)	0 (0-0)	0 (0-0)	0 (0-0)
Min, Max	0, 71	0, 71	0, 63	0, 36
Number of days (follow-up) for ONS covid death
Median (IQR)	105 (105-105)	105 (105-105)	105 (105-105)	105 (105-105)
Min, Max	1, 105	1, 105	2, 105	1, 105
